        0.00000000        0.00000000        0.00000000        0.00000000        0.00000000        0.00000000        0.00000000        0.00000000 
        0.00000000        0.00000000        0.00000000        0.00000000        0.00000000        0.00000000        0.00000000        0.00000000 
        0.00000000        0.00000000        0.00000000        0.00000000        0.00000000        0.00000000        0.00000000        0.00000000 
        0.00000000        0.00000000        0.00000000        0.00000000        0.00000000        0.00000000        0.00000000        0.00000000 
        0.00000000        0.00000000        0.00000000        0.00000000        0.00000000        0.00000000        0.00000000        0.00000000 
        0.00000000        0.00000000        0.00000000        0.00000000        0.00000000        0.00000000        0.00000000        0.00000000 
        0.00000000        0.00000000        0.00000000        0.00000000        0.00000000        0.00000000        0.00000000        0.00000000 
        0.00000000        0.00000000        0.00000000        0.00000000        0.00000000        0.00000000        0.00000000        0.00000000 
        0.00000000        0.00000000        0.00000000        0.00000000        0.00000000        0.00000000        0.00000000        0.00000000 
        0.00000000        0.00000000        0.00000000        0.00000000        0.00000000        0.00000000        0.00000000        0.00000000 
        0.00000000        0.00000000        0.00000000        0.00000000        0.00000000        0.00000000        0.00000000        0.00000000 
        0.00000000        0.00000000        0.00000000        0.00000000        0.00000000        0.00000000        0.00000000        0.00000000 
        0.00000000        0.00000000        0.00000000        0.00000000        0.00000000        0.00000000        0.00000000        0.00000000 
        0.00000000        0.00000000        0.00000000        0.00000000        0.00000000        0.00000000        0.00000000        0.00000000 
        0.00000000        0.00000000        0.00000000        0.00000000        0.00000000        0.00000000        0.00000000        0.00000000 
        0.00000000        0.00000000        0.00000000        0.00000000        0.00000000        0.00000000        0.00000000        0.00000000 
        0.00000000        0.00000000        0.00000000        0.00000000        0.00000000        0.00000000        0.00000000        0.00000000 
        0.00000000        0.00000000        0.00000000        0.00000000        0.00000000        0.00000000        0.00000000        0.00000000 
        0.00000000        0.00000000        0.00000000        0.00000000        0.00000000        0.00000000        0.00000000        0.00000000 
        0.00000000        0.00000000        0.00000000        0.00000000        0.00000000        0.00000000        0.00000000        0.00000000 
        0.00000000        0.00000000        0.00000000        0.00000000        0.00000000        0.00000000        0.00000000        0.00000000 
        0.00000000        0.00000000        0.00000000        0.00000000        0.00000000        0.00000000        0.00000000        0.00000000 
        0.00000000        0.00000000        0.00000000        0.00000000        0.00000000        0.00000000        0.00000000        0.00000000 
        0.00000000        0.00000000        0.00000000        0.00000000        0.00000000        0.00000000        0.00000000        0.00000000 
        0.00000000        0.00000000        0.00000000        0.00000000        0.00000000        0.00000000        0.00000000        0.00000000 
        0.00000000        0.00000000        0.00000000        0.00000000        0.00000000        0.00000000        0.00000000        0.00000000 
        0.00000000        0.00000000        0.00000000        0.00000000        0.00000000        0.00000000        0.00000000        0.00000000 
        0.00000000        0.00000000        0.00000000        0.00000000        0.00000000        0.00000000        0.00000000        0.00000000 
        0.00000000        0.00000000        0.00000000        0.00000000        0.00000000        0.00000000        0.00000000        0.00000000 
        0.00000000        0.00000000        0.00000000        0.00000000        0.00000000        0.00000000        0.00000000        0.00000000 
        0.00000000        0.00000000        0.00000000        0.00000000        0.00000000        0.00000000        0.00000000        0.00000000 
        0.00000000        0.00000000        0.00000000        0.00000000        0.00000000        0.00000000        0.00000000        0.00000000 
        0.00000000        0.00000000        0.00000000        0.00000000        0.00000000        0.00000000        0.00000000        0.00000000 
        0.00000000        0.00000000        0.00000000        0.00000000        0.00000000        0.00000000        0.00000000        0.00000000 
        0.00000000        0.00000000        0.00000000        0.00000000        0.00000000        0.00000000        0.00000000        0.00000000 
        0.00000000        0.00000000        0.00000000        0.00000000        0.00000000        0.00000000        0.00000000        0.00000000 
        0.00000000        0.00000000        0.00000000        0.00000000        0.00000000        0.00000000        0.00000000        0.00000000 
        0.00000000        0.00000000        0.00000000        0.00000000        0.00000000        0.00000000        0.00000000        0.00000000 
        0.00000000        0.00000000        0.00000000        0.00000000        0.00000000        0.00000000        0.00000000        0.00000000 
        0.00000000        0.00000000        0.00000000        0.00000000        0.00000000        0.00000000        0.00000000        0.00000000 
        0.00000000        0.00000000        0.00000000        0.00000000        0.00000000        0.00000000        0.00000000        0.00000000 
        0.00000000        0.00000000        0.00000000        0.00000000        0.00000000        0.00000000        0.00000000        0.00000000 
        0.00000000        0.00000000        0.00000000        0.00000000        0.00000000        0.00000000        0.00000000        0.00000000 
        0.00000000        0.00000000        0.00000000        0.00000000        0.00000000        0.00000000        0.00000000        0.00000000 
       -0.00000000        0.00000000        0.00000000        0.00000000        0.00000000        0.00000000        0.00000000        0.00000000 
       -0.00000000        0.00000000        0.00000000        0.00000000        0.00000000        0.00000000        0.00000000        0.00000000 
       -0.00000000        0.00000000        0.00000000        0.00000000        0.00000000        0.00000000        0.00000000        0.00000000 
       -0.00000000        0.00000000        0.00000000        0.00000000        0.00000000        0.00000000        0.00000000        0.00000000 
       -0.00000000        0.00000000        0.00000000        0.00000000        0.00000000        0.00000000        0.00000000        0.00000000 
       -0.00000000        0.00000000        0.00000000        0.00000000        0.00000000        0.00000000        0.00000000        0.00000000 
       -0.00000000        0.00000000        0.00000000        0.00000000        0.00000000        0.00000000        0.00000000        0.00000000 
       -0.00000000        0.00000000        0.00000000        0.00000000        0.00000000        0.00000000        0.00000000        0.00000000 
       -0.00000000        0.00000000        0.00000000        0.00000000        0.00000000        0.00000000        0.00000000        0.00000000 
       -0.00000000        0.00000000        0.00000000        0.00000000        0.00000000        0.00000000        0.00000000        0.00000000 
       -0.00000000        0.00000000        0.00000000        0.00000000        0.00000000        0.00000000        0.00000000        0.00000000 
       -0.00000000        0.00000000        0.00000000        0.00000000        0.00000000        0.00000000        0.00000000        0.00000000 
       -0.00000000        0.00000000        0.00000000        0.00000000        0.00000000        0.00000000        0.00000000        0.00000000 
       -0.00000000        0.00000000        0.00000000        0.00000000        0.00000000        0.00000000        0.00000000        0.00000000 
       -0.00000000        0.00000000        0.00000000        0.00000000        0.00000000        0.00000000        0.00000000        0.00000000 
       -0.00000000        0.00000000        0.00000000        0.00000000        0.00000000        0.00000000        0.00000000        0.00000000 
       -0.00000000        0.00000000        0.00000000        0.00000000        0.00000000        0.00000000        0.00000000        0.00000000 
       -0.00000000        0.00000000        0.00000000        0.00000000        0.00000000        0.00000000        0.00000000        0.00000000 
       -0.00000000        0.00000000        0.00000000        0.00000000        0.00000000        0.00000000        0.00000000        0.00000000 
       -0.00000000        0.00000000        0.00000000        0.00000000        0.00000000        0.00000000        0.00000000        0.00000000 
       -0.00000000        0.00000000        0.00000000        0.00000000        0.00000000        0.00000000        0.00000000        0.00000000 
       -0.00000000        0.00000000        0.00000000        0.00000000        0.00000000        0.00000000        0.00000000        0.00000000 
       -0.00000000        0.00000000        0.00000000        0.00000000        0.00000000        0.00000000        0.00000000        0.00000000 
       -0.00000000        0.00000000        0.00000000        0.00000000        0.00000000        0.00000000        0.00000000        0.00000000 
       -0.00000000        0.00000000        0.00000000        0.00000000        0.00000000        0.00000000        0.00000000        0.00000000 
       -0.00000000        0.00000000        0.00000000        0.00000000        0.00000000        0.00000000        0.00000000        0.00000000 
       -0.00000000        0.00000000        0.00000000        0.00000000        0.00000000        0.00000000        0.00000000        0.00000000 
       -0.00000000        0.00000000        0.00000000        0.00000000        0.00000000        0.00000000        0.00000000        0.00000000 
       -0.00000000        0.00000000        0.00000000        0.00000000        0.00000000        0.00000000        0.00000000        0.00000000 
       -0.00000000        0.00000000        0.00000000        0.00000000        0.00000000        0.00000000        0.00000000        0.00000000 
       -0.00000000        0.00000000        0.00000000        0.00000000        0.00000000        0.00000000        0.00000000        0.00000000 
       -0.00000000        0.00000000        0.00000000        0.00000000        0.00000000        0.00000000        0.00000000        0.00000000 
       -0.00000000        0.00000000        0.00000000        0.00000000        0.00000000        0.00000000        0.00000000        0.00000000 
       -0.00000000        0.00000000        0.00000000        0.00000000        0.00000000        0.00000000        0.00000000        0.00000000 
       -0.00000000        0.00000000        0.00000000        0.00000000        0.00000000        0.00000000        0.00000000        0.00000000 
       -0.00000000        0.00000000        0.00000000        0.00000000        0.00000000        0.00000000        0.00000000        0.00000000 
       -0.00000000        0.00000000        0.00000000        0.00000000        0.00000000        0.00000000        0.00000000        0.00000000 
       -0.00000000        0.00000000        0.00000000        0.00000000        0.00000000        0.00000000        0.00000000        0.00000000 
       -0.00000000        0.00000000        0.00000000        0.00000000        0.00000000        0.00000000        0.00000000        0.00000000 
       -0.00000000        0.00000000        0.00000000        0.00000000        0.00000000        0.00000000        0.00000000        0.00000000 
       -0.00000000        0.00000000        0.00000000        0.00000000        0.00000000        0.00000000        0.00000000        0.00000000 
       -0.00000000        0.00000000        0.00000000        0.00000000        0.00000000        0.00000000        0.00000000        0.00000000 
       -0.00000000        0.00000000        0.00000000        0.00000000        0.00000000        0.00000000        0.00000000        0.00000000 
       -0.00000000        0.00000000        0.00000000        0.00000000        0.00000000        0.00000000        0.00000000        0.00000000 
       -0.00000000        0.00000000        0.00000000        0.00000000        0.00000000        0.00000000        0.00000000        0.00000000 
       -0.00000000        0.00000000        0.00000000        0.00000000        0.00000000        0.00000000        0.00000000        0.00000000 
       -0.00000000        0.00000000        0.00000000        0.00000000        0.00000000        0.00000000        0.00000000        0.00000000 
       -0.00000000        0.00000000        0.00000000        0.00000000        0.00000000        0.00000000        0.00000000        0.00000000 
       -0.00000000        0.00000000        0.00000000        0.00000000        0.00000000        0.00000000        0.00000000        0.00000000 
       -0.00000000        0.00000000        0.00000000        0.00000000        0.00000000        0.00000000        0.00000000        0.00000000 
       -0.00000000        0.00000000        0.00000000        0.00000000        0.00000000        0.00000000        0.00000000        0.00000000 
       -0.00000000        0.00000000        0.00000000        0.00000000        0.00000000        0.00000000        0.00000000        0.00000000 
       -0.00000000        0.00000000        0.00000000        0.00000000        0.00000000        0.00000000        0.00000000        0.00000000 
       -0.00000000        0.00000000        0.00000000        0.00000000        0.00000000        0.00000000        0.00000000        0.00000000 
       -0.00000000        0.00000000        0.00000000        0.00000000        0.00000000        0.00000000        0.00000000        0.00000000 
       -0.00000000        0.00000000        0.00000000        0.00000000        0.00000000        0.00000000        0.00000000        0.00000000 
       -0.00000000        0.00000000        0.00000000       -0.00000000       -0.00000000       -0.00000000       -0.00000000       -0.00000000 
       -0.00000000        0.00000000        0.00000000       -0.00000000       -0.00000000       -0.00000000       -0.00000000       -0.00000000 
       -0.00000000        0.00000000        0.00000000       -0.00000000       -0.00000000       -0.00000000       -0.00000000       -0.00000000 
       -0.00000000        0.00000000        0.00000000       -0.00000000       -0.00000000       -0.00000000       -0.00000000       -0.00000000 
       -0.00000000        0.00000000        0.00000000       -0.00000000       -0.00000000       -0.00000000       -0.00000000       -0.00000000 
       -0.00000000        0.00000000        0.00000000       -0.00000000       -0.00000000       -0.00000000       -0.00000000       -0.00000000 
       -0.00000000        0.00000000        0.00000000       -0.00000000       -0.00000000       -0.00000000       -0.00000000       -0.00000000 
       -0.00000000        0.00000000        0.00000000       -0.00000000       -0.00000000       -0.00000000       -0.00000000       -0.00000000 
       -0.00000000        0.00000000        0.00000000       -0.00000000       -0.00000000       -0.00000000       -0.00000000       -0.00000000 
       -0.00000000        0.00000000        0.00000000       -0.00000000       -0.00000000       -0.00000000       -0.00000000       -0.00000000 
       -0.00000000        0.00000000        0.00000000       -0.00000000       -0.00000000       -0.00000000       -0.00000000       -0.00000000 
       -0.00000000        0.00000000        0.00000000       -0.00000000       -0.00000000       -0.00000000       -0.00000000       -0.00000000 
       -0.00000000        0.00000000        0.00000000       -0.00000000       -0.00000000       -0.00000000       -0.00000000       -0.00000000 
       -0.00000000        0.00000000        0.00000000       -0.00000000       -0.00000000       -0.00000000       -0.00000000       -0.00000000 
       -0.00000000        0.00000000        0.00000000       -0.00000000       -0.00000000       -0.00000000       -0.00000000       -0.00000000 
       -0.00000000        0.00000000        0.00000000       -0.00000000       -0.00000000       -0.00000000       -0.00000000       -0.00000000 
       -0.00000000        0.00000000        0.00000000       -0.00000000       -0.00000000       -0.00000000       -0.00000000       -0.00000000 
       -0.00000000        0.00000000        0.00000000       -0.00000000       -0.00000000       -0.00000000       -0.00000000       -0.00000000 
       -0.00000000        0.00000000        0.00000000       -0.00000000       -0.00000000       -0.00000000       -0.00000000       -0.00000000 
       -0.00000000        0.00000000        0.00000000       -0.00000000       -0.00000000       -0.00000000       -0.00000000       -0.00000000 
       -0.00000000        0.00000000        0.00000000       -0.00000000       -0.00000000       -0.00000000       -0.00000000       -0.00000000 
       -0.00000000        0.00000000        0.00000000       -0.00000000       -0.00000000       -0.00000000       -0.00000000       -0.00000000 
       -0.00000000        0.00000000        0.00000000       -0.00000000       -0.00000000       -0.00000000       -0.00000000       -0.00000000 
       -0.00000000        0.00000000        0.00000000       -0.00000000       -0.00000000       -0.00000000       -0.00000000       -0.00000000 
       -0.00000000        0.00000000        0.00000000       -0.00000000       -0.00000000       -0.00000000       -0.00000000       -0.00000000 
       -0.00000000        0.00000000        0.00000000       -0.00000000       -0.00000000       -0.00000000       -0.00000000       -0.00000000 
       -0.00000000        0.00000000        0.00000000       -0.00000000       -0.00000000       -0.00000000       -0.00000000       -0.00000000 
       -0.00000000        0.00000000        0.00000000       -0.00000000       -0.00000000       -0.00000000       -0.00000000       -0.00000000 
       -0.00000000        0.00000000        0.00000000       -0.00000000       -0.00000000       -0.00000000       -0.00000000       -0.00000000 
       -0.00000000        0.00000000        0.00000000       -0.00000000       -0.00000000       -0.00000000       -0.00000000       -0.00000000 
       -0.00000000        0.00000000        0.00000000       -0.00000000       -0.00000000       -0.00000000       -0.00000000       -0.00000000 
       -0.00000000        0.00000000        0.00000000       -0.00000000       -0.00000000       -0.00000000       -0.00000000       -0.00000000 
       -0.00000000        0.00000000        0.00000001       -0.00000000       -0.00000000       -0.00000000       -0.00000000       -0.00000000 
       -0.00000000        0.00000001        0.00000001        0.00000000       -0.00000000       -0.00000000       -0.00000000       -0.00000000 
       -0.00000000        0.00000001        0.00000001        0.00000000       -0.00000000       -0.00000000       -0.00000000       -0.00000000 
       -0.00000000        0.00000002        0.00000002        0.00000000       -0.00000000       -0.00000000       -0.00000000       -0.00000000 
       -0.00000000        0.00000003        0.00000003        0.00000000       -0.00000000       -0.00000000       -0.00000000       -0.00000000 
       -0.00000000        0.00000004        0.00000005        0.00000000       -0.00000000       -0.00000000       -0.00000000       -0.00000000 
       -0.00000000        0.00000006        0.00000007        0.00000000       -0.00000000       -0.00000000       -0.00000000       -0.00000000 
       -0.00000001        0.00000009        0.00000010        0.00000000       -0.00000001       -0.00000000       -0.00000000       -0.00000000 
       -0.00000001        0.00000013        0.00000016        0.00000001       -0.00000001       -0.00000001       -0.00000000       -0.00000000 
       -0.00000001        0.00000020        0.00000023        0.00000001       -0.00000001       -0.00000001       -0.00000000       -0.00000000 
       -0.00000002        0.00000029        0.00000034        0.00000002       -0.00000001       -0.00000001       -0.00000001       -0.00000000 
       -0.00000002        0.00000043        0.00000050        0.00000003       -0.00000002       -0.00000002       -0.00000001       -0.00000000 
       -0.00000003        0.00000062        0.00000073        0.00000005       -0.00000003       -0.00000002       -0.00000001       -0.00000000 
       -0.00000005        0.00000090        0.00000106        0.00000007       -0.00000004       -0.00000003       -0.00000002       -0.00000000 
       -0.00000007        0.00000129        0.00000152        0.00000011       -0.00000005       -0.00000005       -0.00000002       -0.00000001 
       -0.00000010        0.00000183        0.00000218        0.00000017       -0.00000006       -0.00000006       -0.00000003       -0.00000001 
       -0.00000014        0.00000260        0.00000310        0.00000026       -0.00000008       -0.00000009       -0.00000005       -0.00000001 
       -0.00000019        0.00000367        0.00000439        0.00000040       -0.00000010       -0.00000012       -0.00000006       -0.00000002 
       -0.00000026        0.00000514        0.00000617        0.00000060       -0.00000012       -0.00000016       -0.00000008       -0.00000002 
       -0.00000036        0.00000717        0.00000863        0.00000088       -0.00000015       -0.00000021       -0.00000011       -0.00000003 
       -0.00000049        0.00000993        0.00001200        0.00000130       -0.00000018       -0.00000027       -0.00000015       -0.00000004 
       -0.00000066        0.00001367        0.00001658        0.00000190       -0.00000020       -0.00000035       -0.00000019       -0.00000005 
       -0.00000088        0.00001872        0.00002279        0.00000274       -0.00000021       -0.00000045       -0.00000025       -0.00000007 
       -0.00000117        0.00002548        0.00003114        0.00000394       -0.00000020       -0.00000058       -0.00000032       -0.00000009 
       -0.00000155        0.00003449        0.00004230        0.00000561       -0.00000015       -0.00000073       -0.00000041       -0.00000011 
       -0.00000204        0.00004640        0.00005714        0.00000794       -0.00000003       -0.00000091       -0.00000052       -0.00000014 
       -0.00000265        0.00006206        0.00007673        0.00001115        0.00000018       -0.00000112       -0.00000066       -0.00000017 
       -0.00000343        0.00008254        0.00010244        0.00001556        0.00000056       -0.00000136       -0.00000081       -0.00000021 
       -0.00000441        0.00010913        0.00013600        0.00002155        0.00000117       -0.00000162       -0.00000100       -0.00000026 
       -0.00000562        0.00014347        0.00017951        0.00002965        0.00000212       -0.00000189       -0.00000121       -0.00000031 
       -0.00000709        0.00018753        0.00023561        0.00004052        0.00000356       -0.00000214       -0.00000145       -0.00000037 
       -0.00000888        0.00024372        0.00030748        0.00005502        0.00000568       -0.00000235       -0.00000171       -0.00000043 
       -0.00001102        0.00031497        0.00039900        0.00007422        0.00000876       -0.00000245       -0.00000198       -0.00000049 
       -0.00001355        0.00040473        0.00051486        0.00009948        0.00001314       -0.00000238       -0.00000223       -0.00000054 
       -0.00001648        0.00051715        0.00066064        0.00013250        0.00001930       -0.00000202       -0.00000245       -0.00000058 
       -0.00001982        0.00065709        0.00084295        0.00017537        0.00002783       -0.00000121       -0.00000258       -0.00000059 
       -0.00002355        0.00083025        0.00106960        0.00023066        0.00003952        0.00000025       -0.00000256       -0.00000056 
       -0.00002762        0.00104322        0.00134966        0.00030154        0.00005534        0.00000266       -0.00000231       -0.00000047 
       -0.00003189        0.00130359        0.00169366        0.00039181        0.00007655        0.00000639       -0.00000171       -0.00000027 
       -0.00003619        0.00162001        0.00211366        0.00050604        0.00010473        0.00001193       -0.00000059        0.00000006 
       -0.00004022        0.00200224        0.00262338        0.00064969        0.00014180        0.00001993        0.00000126        0.00000060 
       -0.00004357        0.00246126        0.00323831        0.00082919        0.00019017        0.00003121        0.00000412        0.00000140 
       -0.00004565        0.00300921        0.00397574        0.00105210        0.00025275        0.00004681        0.00000835        0.00000257 
       -0.00004568        0.00365947        0.00485481        0.00132720        0.00033309        0.00006803        0.00001443        0.00000422 
       -0.00004265        0.00442663        0.00589652        0.00166461        0.00043540        0.00009648        0.00002293        0.00000652 
       -0.00003523        0.00532640        0.00712361        0.00207591        0.00056475        0.00013418        0.00003461        0.00000965 
       -0.00002177        0.00637559        0.00856053        0.00257422        0.00072709        0.00018354        0.00005039        0.00001386 
       -0.00000017        0.00759192        0.01023323        0.00317426        0.00092937        0.00024750        0.00007139        0.00001944 
        0.00003211        0.00899389        0.01216891        0.00389246        0.00117971        0.00032961        0.00009905        0.00002677 
        0.00007815        0.01060060        0.01439572        0.00474689        0.00148737        0.00043404        0.00013503        0.00003630 
        0.00014163        0.01243145        0.01694243        0.00575730        0.00186296        0.00056574        0.00018138        0.00004858 
        0.00022691        0.01450590        0.01983788        0.00694504        0.00231849        0.00073051        0.00024055        0.00006427 
        0.00033902        0.01684317        0.02311061        0.00833294        0.00286736        0.00093501        0.00031542        0.00008417 
        0.00048382        0.01946187        0.02678820        0.00994511        0.00352451        0.00118701        0.00040945        0.00010922 
        0.00066789        0.02237960        0.03089668        0.01180680        0.00430635        0.00149529        0.00052660        0.00014055 
        0.00089870        0.02561262        0.03545991        0.01394403        0.00523069        0.00186980        0.00067151        0.00017946 
        0.00118449        0.02917552        0.04049882        0.01638326        0.00631683        0.00232162        0.00084948        0.00022750 
        0.00153430        0.03308067        0.04603085        0.01915096        0.00758535        0.00286322        0.00106664        0.00028643 
        0.00195792        0.03733799        0.05206936        0.02227324        0.00905786        0.00350817        0.00132985        0.00035830 
        0.00246584        0.04195465        0.05862280        0.02577516        0.01075704        0.00427142        0.00164688        0.00044544 
        0.00306903        0.04693449        0.06569448        0.02968048        0.01270609        0.00516891        0.00202627        0.00055047 
        0.00377893        0.05227829        0.07328184        0.03401086        0.01492877        0.00621799        0.00247763        0.00067635 
        0.00460719        0.05798286        0.08137595        0.03878506        0.01744860        0.00743650        0.00301117        0.00082634 
        0.00556550        0.06404155        0.08996191        0.04401906        0.02028887        0.00884368        0.00363834        0.00100409 
        0.00666528        0.07044376        0.09901792        0.04972461        0.02347186        0.01045892        0.00437100        0.00121349 
        0.00791755        0.07717516        0.10851626        0.05590975        0.02701887        0.01230232        0.00522210        0.00145887 
        0.00933249        0.08421743        0.11842227        0.06257716        0.03094888        0.01439358        0.00620481        0.00174477 
        0.01091929        0.09154901        0.12869613        0.06972483        0.03527895        0.01675281        0.00733304        0.00207588 
        0.01268568        0.09914424        0.13929158        0.07734483        0.04002309        0.01939869        0.00862089        0.00245732 
        0.01463772        0.10697503        0.15015841        0.08542401        0.04519203        0.02234939        0.01008230        0.00289421 
        0.01677964        0.11500955        0.16124137        0.09394327        0.05079284        0.02562124        0.01173133        0.00339177 
        0.01911315        0.12321401        0.17248273        0.10287753        0.05682799        0.02922893        0.01358128        0.00395504 
        0.02163775        0.13155225        0.18382187        0.11219659        0.06329563        0.03318411        0.01564455        0.00458910 
        0.02435020        0.13998663        0.19519618        0.12186432        0.07018915        0.03749651        0.01793265        0.00529872 
        0.02724429        0.14847720        0.20654348        0.13184005        0.07749632        0.04217148        0.02045533        0.00608821 
        0.03031113        0.15698406        0.21780139        0.14207911        0.08520055        0.04721150        0.02322051        0.00696135 
        0.03353865        0.16546649        0.22890931        0.15253174        0.09327945        0.05261460        0.02623379        0.00792122 
        0.03691209        0.17388344        0.23980817        0.16314590        0.10170525        0.05837405        0.02949810        0.00897020 
        0.04041390        0.18219486        0.25044256        0.17386621        0.11044544        0.06447908        0.03301349        0.01010934 
        0.04402378        0.19036075        0.26076037        0.18463653        0.11946264        0.07091337        0.03677684        0.01133913 
        0.04771933        0.19834206        0.27071375        0.19539922        0.12871552        0.07765675        0.04078174        0.01265848 
        0.05147615        0.20610219        0.28025979        0.20609596        0.13815808        0.08468294        0.04501706        0.01406479 
        0.05526784        0.21360520        0.28936008        0.21667004        0.14774230        0.09196216        0.04946929        0.01555428 
        0.05906717        0.22081745        0.29798263        0.22706515        0.15741515        0.09945858        0.05412042        0.01712224 
        0.06284581        0.22770774        0.30609894        0.23722720        0.16712356        0.10713339        0.05894858        0.01876161 
        0.06657548        0.23424733        0.31368685        0.24710444        0.17681128        0.11494350        0.06392860        0.02046424 
        0.07022746        0.24040905        0.32072961        0.25664812        0.18642247        0.12284231        0.06903201        0.02222100 
        0.07377423        0.24617007        0.32721353        0.26581275        0.19589972        0.13078028        0.07422632        0.02402064 
        0.07718895        0.25150883        0.33312970        0.27455688        0.20518768        0.13870609        0.07947737        0.02585137 
        0.08044651        0.25640759        0.33847457        0.28284216        0.21423066        0.14656687        0.08474821        0.02770001 
        0.08352347        0.26085109        0.34324688        0.29063600        0.22297579        0.15430868        0.09000057        0.02955297 
        0.08639878        0.26482749        0.34744793        0.29790652        0.23137140        0.16187739        0.09519464        0.03139564 
        0.08905390        0.26832652        0.35108173        0.30462939        0.23936951        0.16922021        0.10029018        0.03321326 
        0.09147289        0.27134281        0.35415483        0.31078219        0.24692494        0.17628574        0.10524797        0.03499109 
        0.09364226        0.27387130        0.35667408        0.31634581        0.25399613        0.18302417        0.11002779        0.03671393 
        0.09555212        0.27591109        0.35864973        0.32130671        0.26054478        0.18938786        0.11459249        0.03836772 
        0.09719506        0.27746367        0.36008984        0.32565200        0.26653743        0.19533461        0.11890620        0.03993848 
        0.09856680        0.27853227        0.36100417        0.32937413        0.27194452        0.20082331        0.12293470        0.04141304 
        0.09966603        0.27912217        0.36140406        0.33246696        0.27674115        0.20582038        0.12664902        0.04278007 
        0.10049316        0.27924114        0.36129844        0.33492804        0.28090692        0.21029425        0.13002241        0.04402941 
        0.10105219        0.27889907        0.36069643        0.33675617        0.28442556        0.21421909        0.13303047        0.04515070 
        0.10134879        0.27810657        0.35960865        0.33795261        0.28728479        0.21757489        0.13565516        0.04613686 
        0.10139051        0.27687520        0.35804445        0.33852267        0.28947794        0.22034627        0.13788205        0.04698217 
        0.10118699        0.27521908        0.35601145        0.33847028        0.29100150        0.22252268        0.13969958        0.04768169 
        0.10074851        0.27315348        0.35352075        0.33780479        0.29185688        0.22409999        0.14110196        0.04823247 
        0.10008731        0.27069247        0.35057986        0.33653414        0.29204881        0.22507828        0.14208812        0.04863438 
        0.09921548        0.26785129        0.34719884        0.33467054        0.29158604        0.22546172        0.14265877        0.04888734 
        0.09814662        0.26464754        0.34338623        0.33222628        0.29048187        0.22526038        0.14281911        0.04899225 
        0.09689417        0.26109755        0.33915317        0.32921702        0.28875077        0.22448730        0.14257991        0.04895416 
        0.09547099        0.25721788        0.33450913        0.32565832        0.28641206        0.22316086        0.14195156        0.04877549 
        0.09389102        0.25302565        0.32946575        0.32156909        0.28348756        0.22129959        0.14094985        0.04846317 
        0.09216690        0.24853754        0.32403684        0.31696975        0.28000200        0.21892917        0.13959193        0.04802257 
        0.09031099        0.24377096        0.31823409        0.31188059        0.27598107        0.21607441        0.13789654        0.04746121 
        0.08833522        0.23874253        0.31207418        0.30632615        0.27145433        0.21276426        0.13588452        0.04678631 
        0.08625129        0.23346949        0.30557287        0.30033123        0.26645231        0.20902836        0.13357890        0.04600698 
        0.08406872        0.22796762        0.29874682        0.29392171        0.26100647        0.20489812        0.13100123        0.04513037 
        0.08179772        0.22225392        0.29161525        0.28712595        0.25515103        0.20040488        0.12817585        0.04416639 
        0.07944763        0.21634531        0.28420031        0.27997339        0.24891865        0.19558215        0.12512529        0.04312187 
        0.07702595        0.21025765        0.27652180        0.27249396        0.24234581        0.19046235        0.12187290        0.04200649 
        0.07454073        0.20400798        0.26860356        0.26471853        0.23546588        0.18507719        0.11844170        0.04082787 
        0.07199889        0.19761264        0.26046908        0.25667906        0.22831607        0.17946005        0.11485553        0.03959495 
        0.06940705        0.19108856        0.25214469        0.24840903        0.22093105        0.17364299        0.11113632        0.03831565 
        0.06677097        0.18445182        0.24365592        0.23994076        0.21334541        0.16765594        0.10730422        0.03699690 
        0.06409669        0.17771912        0.23502910        0.23130620        0.20559382        0.16153002        0.10337996        0.03564566 
        0.06138945        0.17090809        0.22629213        0.22253978        0.19771063        0.15529346        0.09938312        0.03426939 
        0.05865461        0.16403520        0.21747339        0.21367335        0.18972695        0.14897430        0.09533250        0.03287458 
        0.05589741        0.15711761        0.20859885        0.20473897        0.18167627        0.14259934        0.09124589        0.03146738 
        0.05312318        0.15017354        0.19969726        0.19576776        0.17358804        0.13619375        0.08713925        0.03005326 
        0.05033737        0.14321876        0.19079614        0.18679166        0.16549277        0.12978232        0.08302975        0.02863818 
        0.04754502        0.13627183        0.18192255        0.17783833        0.15741706        0.12338638        0.07892966        0.02722645 
        0.04475218        0.12935042        0.17310286        0.16893744        0.14938831        0.11702871        0.07485497        0.02582365 
        0.04196435        0.12247109        0.16436279        0.16011584        0.14143109        0.11072791        0.07081687        0.02443337 
        0.03918773        0.11565208        0.15572619        0.15139878        0.13356996        0.10450399        0.06682801        0.02305996 
        0.03642845        0.10891008        0.14721894        0.14281178        0.12582552        0.09837353        0.06289983        0.02170759 
        0.03369266        0.10226178        0.13886070        0.13437712        0.11822057        0.09235299        0.05904233        0.02038008 
        0.03098714        0.09572434        0.13067615        0.12611639        0.11077237        0.08645809        0.05526495        0.01907927 
        0.02831817        0.08931351        0.12268257        0.11804962        0.10349882        0.08070052        0.05157602        0.01780963 
        0.02569276        0.08304489        0.11490107        0.11019576        0.09641647        0.07509482        0.04798400        0.01657271 
        0.02311760        0.07693338        0.10734773        0.10257077        0.08954000        0.06965137        0.04449558        0.01537156 
        0.02059907        0.07099378        0.10003853        0.09519017        0.08288324        0.06438100        0.04111731        0.01420838 
        0.01814365        0.06523931        0.09298837        0.08806813        0.07645714        0.05929220        0.03785527        0.01308477 
        0.01575792        0.05968261        0.08621132        0.08121777        0.07027292        0.05439329        0.03471446        0.01200324 
        0.01344746        0.05433571        0.07971740        0.07464981        0.06434023        0.04969168        0.03170002        0.01096529 
        0.01121843        0.04920948        0.07351863        0.06837285        0.05866599        0.04519308        0.02881336        0.00997061 
        0.00907582        0.04431283        0.06762314        0.06239724        0.05325997        0.04090440        0.02606106        0.00902224 
        0.00702477        0.03965521        0.06203890        0.05672836        0.04812634        0.03682899        0.02344370        0.00811994 
        0.00506949        0.03524470        0.05677271        0.05137324        0.04326892        0.03296852        0.02096403        0.00726551 
        0.00321394        0.03108692        0.05182850        0.04633534        0.03869295        0.02932787        0.01862299        0.00645781 
        0.00146157        0.02718616        0.04721117        0.04161954        0.03440094        0.02590847        0.01642144        0.00569808 
       -0.00018567        0.02354825        0.04292119        0.03722560        0.03039455        0.02271199        0.01436162        0.00498694 
       -0.00172430        0.02017450        0.03896213        0.03315639        0.02667284        0.01973593        0.01244175        0.00432384 
       -0.00315374        0.01706660        0.03533220        0.02941167        0.02323759        0.01698303        0.01066220        0.00370824 
       -0.00447261        0.01422572        0.03203106        0.02598929        0.02008605        0.01445079        0.00902247        0.00314087 
       -0.00568044        0.01165056        0.02905524        0.02288735        0.01721716        0.01213717        0.00752020        0.00262004 
       -0.00677794        0.00933826        0.02640271        0.02010202        0.01462615        0.01003945        0.00615489        0.00214589 
       -0.00776571        0.00728750        0.02406693        0.01762879        0.01231122        0.00815547        0.00492299        0.00171751 
       -0.00864482        0.00549233        0.02204311        0.01546228        0.01026535        0.00648034        0.00382459        0.00133502 
       -0.00941712        0.00394893        0.02032363        0.01359689        0.00848460        0.00501013        0.00285375        0.00099570 
       -0.01008487        0.00265098        0.01890087        0.01202333        0.00696170        0.00374055        0.00201046        0.00069994 
       -0.01065135        0.00158978        0.01776600        0.01073349        0.00568902        0.00266552        0.00128961        0.00044590 
       -0.01111901        0.00075841        0.01690936        0.00971961        0.00465977        0.00177920        0.00068784        0.00023282 
       -0.01149148        0.00014901        0.01631963        0.00897038        0.00386536        0.00107539        0.00020111        0.00005871 
       -0.01177305       -0.00024903        0.01598513        0.00847518        0.00329590        0.00054669       -0.00017452       -0.00007701 
       -0.01196706       -0.00044489        0.01589584        0.00822353        0.00294161        0.00018609       -0.00044310       -0.00017631 
       -0.01207799       -0.00044870        0.01603711        0.00820386        0.00279438       -0.00001419       -0.00061059       -0.00024050 
       -0.01211071       -0.00027215        0.01639569        0.00840116        0.00284147       -0.00006032       -0.00068045       -0.00027227 
       -0.01206964        0.00007319        0.01695907        0.00880575        0.00307405        0.00003815       -0.00065780       -0.00027132 
       -0.01195943        0.00057650        0.01771295        0.00940299        0.00347972        0.00027263       -0.00054848       -0.00024098 
       -0.01178461        0.00122654        0.01864338        0.01017892        0.00404716        0.00063586       -0.00035608       -0.00018173 
       -0.01155055        0.00201106        0.01973605        0.01112187        0.00476527        0.00111794       -0.00008821       -0.00009692 
       -0.01126170        0.00291836        0.02097619        0.01221645        0.00562346        0.00171161        0.00025165        0.00001323 
       -0.01092267        0.00393820        0.02235091        0.01345062        0.00660896        0.00240839        0.00065875        0.00014621 
       -0.01053852        0.00505781        0.02384615        0.01481068        0.00771141        0.00319922        0.00112629        0.00030071 
       -0.01011378        0.00626683        0.02544916        0.01628399        0.00891948        0.00407529        0.00164998        0.00047421 
       -0.00965250        0.00755477        0.02714467        0.01785755        0.01022196        0.00502849        0.00222385        0.00066549 
       -0.00915939        0.00891054        0.02892101        0.01951909        0.01160872        0.00605178        0.00284398        0.00087273 
       -0.00863808        0.01032543        0.03076708        0.02125645        0.01306880        0.00713575        0.00350428        0.00109446 
       -0.00809270        0.01178861        0.03266871        0.02305746        0.01459241        0.00827396        0.00420070        0.00132841 
       -0.00752723        0.01329172        0.03461826        0.02491355        0.01617050        0.00945854        0.00492835        0.00157344 
       -0.00694472        0.01482725        0.03660274        0.02681220        0.01779342        0.01068199        0.00568295        0.00182813 
       -0.00634903        0.01638556        0.03861284        0.02874410        0.01945269        0.01193857        0.00645983        0.00209063 
       -0.00574267        0.01796043        0.04063916        0.03069997        0.02113891        0.01322019        0.00725615        0.00236076 
       -0.00512868        0.01954472        0.04267323        0.03267014        0.02284467        0.01452160        0.00806546        0.00263482 
       -0.00450993        0.02113223        0.04470789        0.03464735        0.02456331        0.01583743        0.00888622        0.00291336 
       -0.00388831        0.02271676        0.04673433        0.03662455        0.02628756        0.01716101        0.00971341        0.00319433 
       -0.00326663        0.02429318        0.04874611        0.03859305        0.02801025        0.01848674        0.01054406        0.00347739 
       -0.00264645        0.02585709        0.05073833        0.04054880        0.02972615        0.01981199        0.01137543        0.00376022 
       -0.00203001        0.02740324        0.05270290        0.04248250        0.03142965        0.02113032        0.01220345        0.00404209 
       -0.00141913        0.02892756        0.05463696        0.04439127        0.03311443        0.02243710        0.01302648        0.00432259 
       -0.00081486        0.03042710        0.05653465        0.04626846        0.03477538        0.02372968        0.01384211        0.00460100 
       -0.00021893        0.03189850        0.05839229        0.04811049        0.03640985        0.02500319        0.01464605        0.00487542 
        0.00036758        0.03333795        0.06020534        0.04991221        0.03801239        0.02625406        0.01543677        0.00514549 
        0.00094342        0.03474355        0.06197047        0.05167043        0.03957999        0.02748096        0.01621354        0.00541079 
        0.00150752        0.03611302        0.06368637        0.05338264        0.04110837        0.02867854        0.01697302        0.00567061 
        0.00205952        0.03744400        0.06534791        0.05504394        0.04259551        0.02984536        0.01771390        0.00592452 
        0.00259763        0.03873456        0.06695378        0.05665135        0.04403651        0.03097856        0.01843357        0.00617051 
        0.00312215        0.03998351        0.06850171        0.05820513        0.04543269        0.03207731        0.01913178        0.00640970 
        0.00363189        0.04118860        0.06999040        0.05970061        0.04677844        0.03313851        0.01980674        0.00664055 
        0.00412649        0.04235041        0.07141829        0.06113732        0.04807246        0.03416002        0.02045727        0.00686342 
        0.00460535        0.04346561        0.07278311        0.06251228        0.04931366        0.03514087        0.02108216        0.00707757 
        0.00506824        0.04453516        0.07408428        0.06382573        0.05050159        0.03608084        0.02168179        0.00728309 
        0.00551468        0.04555738        0.07532203        0.06507611        0.05163312        0.03697753        0.02225387        0.00747901 
        0.00594443        0.04653203        0.07649457        0.06626236        0.05270875        0.03783035        0.02279878        0.00766617 
        0.00635743        0.04745901        0.07760131        0.06738484        0.05372727        0.03863907        0.02331543        0.00784326 
        0.00675362        0.04833806        0.07864308        0.06844211        0.05468893        0.03940415        0.02380407        0.00801063 
        0.00713253        0.04916906        0.07961917        0.06943417        0.05559242        0.04012263        0.02426374        0.00816822 
        0.00749385        0.04995096        0.08052981        0.07036185        0.05643868        0.04079688        0.02469504        0.00831616 
        0.00783795        0.05068481        0.08137536        0.07122397        0.05722666        0.04142606        0.02509892        0.00845510 
        0.00816518        0.05137181        0.08215594        0.07202220        0.05795801        0.04201043        0.02547276        0.00858295 
        0.00847512        0.05201089        0.08287346        0.07275736        0.05863285        0.04255044        0.02581930        0.00870198 
        0.00876772        0.05260265        0.08352673        0.07342911        0.05925155        0.04304636        0.02613783        0.00881153 
        0.00904334        0.05314803        0.08411837        0.07403934        0.05981481        0.04349971        0.02642941        0.00891161 
        0.00930256        0.05364788        0.08464921        0.07458878        0.06032419        0.04391003        0.02669346        0.00900227 
        0.00954467        0.05410278        0.08511913        0.07507813        0.06078005        0.04427934        0.02693093        0.00908333 
        0.00977081        0.05451345        0.08553135        0.07550979        0.06118441        0.04460752        0.02714264        0.00915623 
        0.00998080        0.05488026        0.08588600        0.07588434        0.06153786        0.04489565        0.02732956        0.00922066 
        0.01017499        0.05520546        0.08618367        0.07620311        0.06184196        0.04514599        0.02749181        0.00927609 
        0.01035380        0.05548966        0.08642805        0.07646906        0.06209826        0.04535818        0.02763045        0.00932407 
        0.01051754        0.05573332        0.08661926        0.07668221        0.06230938        0.04553556        0.02774680        0.00936431 
        0.01066643        0.05593777        0.08676076        0.07684565        0.06247461        0.04567695        0.02783954        0.00939578 
        0.01080102        0.05610478        0.08685231        0.07696056        0.06259775        0.04578531        0.02791262        0.00942135 
        0.01092178        0.05623567        0.08689666        0.07702923        0.06267965        0.04586148        0.02796531        0.00943989 
        0.01102912        0.05633152        0.08689535        0.07705271        0.06272185        0.04590714        0.02799726        0.00945067 
        0.01112366        0.05639338        0.08685100        0.07703435        0.06272662        0.04592335        0.02801228        0.00945640 
        0.01120538        0.05642247        0.08676434        0.07697463        0.06269515        0.04591119        0.02800822        0.00945532 
        0.01127499        0.05642092        0.08663905        0.07687628        0.06262970        0.04587293        0.02798760        0.00944817 
        0.01133329        0.05638945        0.08647573        0.07674074        0.06253123        0.04580891        0.02795112        0.00943619 
        0.01138055        0.05633020        0.08627641        0.07657135        0.06240273        0.04572129        0.02790058        0.00941938 
        0.01141685        0.05624390        0.08604372        0.07636821        0.06224477        0.04561126        0.02783513        0.00939745 
        0.01144326        0.05613184        0.08577812        0.07613456        0.06206000        0.04548013        0.02775586        0.00937045 
        0.01146013        0.05599582        0.08548379        0.07587123        0.06184959        0.04532945        0.02766430        0.00933933 
        0.01146758        0.05583739        0.08516049        0.07558179        0.06161559        0.04516006        0.02756190        0.00930470 
        0.01146638        0.05565667        0.08481121        0.07526624        0.06135917        0.04497290        0.02744722        0.00926584 
        0.01145715        0.05545580        0.08443606        0.07492650        0.06108165        0.04477024        0.02732420        0.00922424 
        0.01144004        0.05523717        0.08403981        0.07456577        0.06078541        0.04455280        0.02719009        0.00917870 
        0.01141596        0.05500066        0.08362174        0.07418489        0.06047177        0.04432154        0.02704835        0.00913048 
        0.01138490        0.05474782        0.08318377        0.07378471        0.06014156        0.04407799        0.02689874        0.00907999 
        0.01134735        0.05447984        0.08272851        0.07336795        0.05979645        0.04382300        0.02674162        0.00902635 
        0.01130396        0.05419803        0.08225691        0.07293534        0.05943727        0.04355681        0.02657759        0.00897062 
        0.01125509        0.05390322        0.08177006        0.07248914        0.05906713        0.04328179        0.02640808        0.00891286 
        0.01120108        0.05359650        0.08127058        0.07203078        0.05868554        0.04299855        0.02623343        0.00885350 
        0.01114249        0.05327952        0.08075774        0.07156026        0.05829442        0.04270720        0.02605283        0.00879192 
        0.01107919        0.05295253        0.08023536        0.07107985        0.05789351        0.04240870        0.02586913        0.00872982 
        0.01101202        0.05261564        0.07970238        0.07059062        0.05748522        0.04210484        0.02568126        0.00866574 
        0.01094115        0.05227232        0.07916152        0.07009387        0.05707121        0.04179573        0.02549005        0.00860071 
        0.01086688        0.05192101        0.07861245        0.06958985        0.05665123        0.04148316        0.02529681        0.00853509 
        0.01078963        0.05156398        0.07805681        0.06908071        0.05622613        0.04116571        0.02510047        0.00846827 
        0.01070964        0.05120087        0.07749701        0.06856740        0.05579782        0.04084611        0.02490294        0.00840116 
        0.01062709        0.05083287        0.07693267        0.06805003        0.05536556        0.04052365        0.02470374        0.00833356 
        0.01054263        0.05046117        0.07636356        0.06752884        0.05493152        0.04020000        0.02450275        0.00826478 
        0.01045561        0.05008543        0.07579184        0.06700575        0.05449510        0.03987420        0.02430129        0.00819647 
        0.01036710        0.04970694        0.07521892        0.06648183        0.05405819        0.03954804        0.02409959        0.00812787 
        0.01027679        0.04932511        0.07464337        0.06595635        0.05362046        0.03922164        0.02389753        0.00805920 
        0.01018560        0.04894233        0.07406712        0.06543064        0.05318308        0.03889573        0.02369606        0.00799042 
        0.01009315        0.04855835        0.07349038        0.06490517        0.05274546        0.03856921        0.02349412        0.00792193 
        0.00999969        0.04817224        0.07291460        0.06438112        0.05230963        0.03824472        0.02329350        0.00785369 
        0.00990543        0.04778647        0.07233918        0.06385744        0.05187440        0.03792071        0.02309322        0.00778568 
        0.00981060        0.04739952        0.07176435        0.06333578        0.05144107        0.03759801        0.02289391        0.00771791 
        0.00971484        0.04701281        0.07119155        0.06281602        0.05100989        0.03727758        0.02269614        0.00765073 
        0.00961941        0.04662687        0.07062042        0.06229889        0.05058134        0.03695893        0.02249932        0.00758392 
        0.00952309        0.04624051        0.07005167        0.06178463        0.05015481        0.03664219        0.02230406        0.00751746 
        0.00942677        0.04585564        0.06948435        0.06127250        0.04973221        0.03632855        0.02211022        0.00745153 
        0.00933072        0.04547250        0.06892109        0.06076407        0.04931188        0.03601682        0.02191854        0.00738633 
        0.00923443        0.04508942        0.06835938        0.06025839        0.04889441        0.03570735        0.02172840        0.00732219 
        0.00913841        0.04470867        0.06780183        0.05975676        0.04848099        0.03540146        0.02153981        0.00725818 
        0.00904238        0.04432899        0.06724679        0.05925894        0.04807067        0.03509748        0.02135205        0.00719422 
        0.00894654        0.04395050        0.06669521        0.05876338        0.04766262        0.03479671        0.02116787        0.00713199 
        0.00885105        0.04357409        0.06614637        0.05827212        0.04725933        0.03449905        0.02098513        0.00707006 
        0.00875622        0.04320002        0.06560171        0.05778563        0.04686046        0.03420448        0.02080369        0.00700843 
        0.00866157        0.04282737        0.06506050        0.05730212        0.04646409        0.03391278        0.02062476        0.00694758 
        0.00856721        0.04245669        0.06452250        0.05682266        0.04607177        0.03362370        0.02044761        0.00688785 
        0.00847340        0.04208827        0.06398797        0.05634713        0.04568279        0.03333783        0.02027273        0.00682873 
        0.00838017        0.04172200        0.06345737        0.05587530        0.04529774        0.03305507        0.02009904        0.00676966 
        0.00828731        0.04135716        0.06293011        0.05540788        0.04491627        0.03277516        0.01992774        0.00671172 
        0.00819510        0.04099500        0.06240642        0.05494380        0.04453778        0.03249741        0.01975787        0.00665414 
        0.00810340        0.04063511        0.06188595        0.05448306        0.04416311        0.03222263        0.01958990        0.00659746 
        0.00801218        0.04027694        0.06136930        0.05402672        0.04379165        0.03195131        0.01942384        0.00654107 
        0.00792143        0.03992116        0.06085432        0.05357265        0.04342401        0.03168201        0.01925957        0.00648582 
        0.00783131        0.03956687        0.06034493        0.05312300        0.04305887        0.03141606        0.01909757        0.00643075 
        0.00774166        0.03921461        0.05983758        0.05267692        0.04269779        0.03115237        0.01893651        0.00637645 
        0.00765249        0.03886467        0.05933326        0.05223346        0.04233813        0.03088951        0.01877618        0.00632209 
        0.00756368        0.03851599        0.05883217        0.05179405        0.04198301        0.03063095        0.01861882        0.00626880 
        0.00747567        0.03816944        0.05833364        0.05135643        0.04162967        0.03037393        0.01846266        0.00621623 
        0.00738800        0.03782469        0.05783838        0.05092239        0.04127932        0.03011870        0.01830721        0.00616366 
        0.00730097        0.03748161        0.05734575        0.05049086        0.04093194        0.02986646        0.01815391        0.00611204 
        0.00721434        0.03714126        0.05685592        0.05006301        0.04058731        0.02961612        0.01800168        0.00606060 
        0.00712788        0.03680092        0.05636823        0.04963648        0.04024363        0.02936697        0.01785004        0.00600952 
        0.00704229        0.03646290        0.05588311        0.04921329        0.03990352        0.02911997        0.01770043        0.00595909 
        0.00695652        0.03612632        0.05539930        0.04879165        0.03956449        0.02887428        0.01755071        0.00590843 
        0.00687176        0.03579092        0.05491930        0.04837275        0.03922796        0.02863050        0.01740301        0.00585848 
        0.00678688        0.03545725        0.05444050        0.04795623        0.03889406        0.02838862        0.01725614        0.00580901 
        0.00670260        0.03512466        0.05396366        0.04754114        0.03856099        0.02814758        0.01711035        0.00575989 
        0.00661859        0.03479302        0.05348885        0.04712832        0.03823030        0.02790868        0.01696515        0.00571096 
        0.00653484        0.03446317        0.05301636        0.04671788        0.03790152        0.02767038        0.01682079        0.00566238 
        0.00645128        0.03413379        0.05254531        0.04630840        0.03757358        0.02743375        0.01667750        0.00561386 
        0.00636861        0.03380668        0.05207610        0.04590088        0.03724718        0.02719796        0.01653469        0.00556576 
        0.00628543        0.03347933        0.05160832        0.04549497        0.03692234        0.02696300        0.01639283        0.00551814 
        0.00620306        0.03315365        0.05114198        0.04509008        0.03659844        0.02672946        0.01625109        0.00547016 
        0.00612056        0.03282839        0.05067694        0.04468703        0.03627563        0.02649617        0.01611042        0.00542283 
        0.00603840        0.03250468        0.05021334        0.04428470        0.03595436        0.02626479        0.01597059        0.00537592 
        0.00595641        0.03218150        0.04975098        0.04388368        0.03563392        0.02603340        0.01583028        0.00532842 
        0.00587475        0.03185940        0.04929101        0.04348469        0.03531444        0.02580309        0.01569080        0.00528139 
        0.00579301        0.03153723        0.04883111        0.04308605        0.03499615        0.02557325        0.01555228        0.00523514 
        0.00571170        0.03121692        0.04837239        0.04268897        0.03467870        0.02534461        0.01541424        0.00518841 
        0.00563046        0.03089702        0.04791498        0.04229265        0.03436208        0.02511609        0.01527572        0.00514179 
        0.00554922        0.03057754        0.04745865        0.04189706        0.03404605        0.02488816        0.01513779        0.00509518 
        0.00546837        0.03025907        0.04700363        0.04150307        0.03373122        0.02466083        0.01500094        0.00504929 
        0.00538757        0.02994156        0.04654998        0.04110932        0.03341627        0.02443409        0.01486373        0.00500315 
        0.00530684        0.02962399        0.04609632        0.04071712        0.03310299        0.02420795        0.01472688        0.00495684 
        0.00522596        0.02930707        0.04564416        0.04032469        0.03278935        0.02398169        0.01459014        0.00491124 
        0.00514573        0.02899134        0.04519296        0.03993380        0.03247702        0.02375638        0.01445401        0.00486523 
        0.00506526        0.02867603        0.04474247        0.03954351        0.03216517        0.02353144        0.01431847        0.00481975 
        0.00498503        0.02836102        0.04429424        0.03915489        0.03185439        0.02330703        0.01418257        0.00477409 
        0.00490487        0.02804774        0.04384577        0.03876615        0.03154379        0.02308327        0.01404715        0.00472832 
        0.00482476        0.02773428        0.04339874        0.03837866        0.03123367        0.02285922        0.01391208        0.00468302 
        0.00474495        0.02742130        0.04295230        0.03799164        0.03092408        0.02263618        0.01377749        0.00463778 
        0.00466508        0.02710927        0.04250753        0.03760588        0.03061569        0.02241313        0.01364207        0.00459212 
        0.00458542        0.02679789        0.04206347        0.03722066        0.03030801        0.02219141        0.01350796        0.00454694 
        0.00450557        0.02648669        0.04162049        0.03683621        0.02999985        0.02196884        0.01337397        0.00450200 
        0.00442639        0.02617699        0.04117835        0.03645235        0.02969241        0.02174711        0.01324022        0.00445706 
        0.00434706        0.02586788        0.04073679        0.03606957        0.02938622        0.02152586        0.01310599        0.00441188 
        0.00426778        0.02555919        0.04029703        0.03568798        0.02908075        0.02130497        0.01297247        0.00436699 
        0.00418893        0.02525145        0.03985780        0.03530669        0.02877593        0.02108514        0.01283956        0.00432199 
        0.00410992        0.02494413        0.03942060        0.03492689        0.02847159        0.02086478        0.01270604        0.00427723 
        0.00403124        0.02463806        0.03898418        0.03454804        0.02816796        0.02064526        0.01257348        0.00423270 
        0.00395268        0.02433258        0.03854895        0.03417033        0.02786517        0.02042651        0.01244086        0.00418788 
        0.00387412        0.02402771        0.03811467        0.03379309        0.02756345        0.02020836        0.01230878        0.00414360 
        0.00379595        0.02372396        0.03768241        0.03341740        0.02726173        0.01999032        0.01217705        0.00409907 
        0.00371787        0.02342099        0.03725064        0.03304213        0.02696097        0.01977253        0.01204550        0.00405499 
        0.00363997        0.02311909        0.03682077        0.03266871        0.02666181        0.01955605        0.01191413        0.00401077 
        0.00356215        0.02281803        0.03639179        0.03229558        0.02636242        0.01933992        0.01178348        0.00396675 
        0.00348473        0.02251810        0.03596485        0.03192443        0.02606463        0.01912421        0.01165265        0.00392276 
        0.00340766        0.02221906        0.03553909        0.03155446        0.02576756        0.01890898        0.01152289        0.00387925 
        0.00333053        0.02192074        0.03511441        0.03118527        0.02547169        0.01869506        0.01139307        0.00383520 
        0.00325391        0.02162391        0.03469181        0.03081787        0.02517635        0.01848114        0.01126337        0.00379154 
        0.00317743        0.02132756        0.03427035        0.03045118        0.02488226        0.01826835        0.01113498        0.00374854 
        0.00310105        0.02103269        0.03385031        0.03008592        0.02458900        0.01805544        0.01100612        0.00370535 
        0.00302520        0.02073938        0.03343260        0.02972221        0.02429712        0.01784414        0.01087791        0.00366202 
        0.00294945        0.02044636        0.03301603        0.02935970        0.02400625        0.01763356        0.01074994        0.00361875 
        0.00287408        0.02015489        0.03260100        0.02899909        0.02371633        0.01742345        0.01062304        0.00357628 
        0.00279886        0.01986450        0.03218794        0.02863985        0.02342784        0.01721430        0.01049650        0.00353369 
        0.00272417        0.01957560        0.03177691        0.02828145        0.02313995        0.01700586        0.01037025        0.00349122 
        0.00264964        0.01928806        0.03136790        0.02792615        0.02285427        0.01679885        0.01024461        0.00344872 
        0.00257552        0.01900101        0.03095925        0.02757061        0.02256888        0.01659185        0.01011920        0.00340655 
        0.00250170        0.01871604        0.03055418        0.02721786        0.02228528        0.01638591        0.00999451        0.00336471 
        0.00242803        0.01843238        0.03014958        0.02686572        0.02200240        0.01618099        0.00987023        0.00332278 
        0.00235489        0.01814967        0.02974784        0.02651632        0.02172124        0.01597720        0.00974685        0.00328144 
        0.00228214        0.01786864        0.02934784        0.02616805        0.02144128        0.01577413        0.00962371        0.00323987 
        0.00220960        0.01758850        0.02894986        0.02582169        0.02116305        0.01557243        0.00950158        0.00319871 
        0.00213742        0.01731014        0.02855372        0.02547705        0.02088606        0.01537144        0.00937963        0.00315782 
        0.00206569        0.01703322        0.02815992        0.02513379        0.02060986        0.01517105        0.00925815        0.00311691 
        0.00199422        0.01675779        0.02776796        0.02479285        0.02033609        0.01497245        0.00913787        0.00307652 
        0.00192362        0.01648372        0.02737796        0.02445340        0.02006274        0.01477408        0.00901777        0.00303602 
        0.00185278        0.01621085        0.02699000        0.02411568        0.01979095        0.01457685        0.00889844        0.00299603 
        0.00178263        0.01594013        0.02660453        0.02378035        0.01952136        0.01438099        0.00877923        0.00295579 
        0.00171292        0.01566994        0.02622062        0.02344602        0.01925242        0.01418602        0.00866127        0.00291598 
        0.00164351        0.01540202        0.02583969        0.02311450        0.01898581        0.01399249        0.00854373        0.00287646 
        0.00157452        0.01513511        0.02546042        0.02278459        0.01872039        0.01380002        0.00842726        0.00283724 
        0.00150597        0.01486999        0.02508295        0.02245617        0.01845622        0.01360786        0.00831062        0.00279814 
        0.00143781        0.01460654        0.02470797        0.02212965        0.01819372        0.01341754        0.00819510        0.00275904 
        0.00137016        0.01434505        0.02433550        0.02180582        0.01793319        0.01322830        0.00808036        0.00272065 
        0.00130284        0.01408404        0.02396500        0.02148324        0.01767391        0.01304036        0.00796652        0.00268218 
        0.00123611        0.01382577        0.02359658        0.02116275        0.01741618        0.01285321        0.00785291        0.00264400 
        0.00116971        0.01356846        0.02323067        0.02084440        0.01716012        0.01266742        0.00774026        0.00260612 
        0.00110388        0.01331311        0.02286708        0.02052802        0.01690590        0.01248240        0.00762802        0.00256842 
        0.00103828        0.01305896        0.02250588        0.02021378        0.01665270        0.01229882        0.00751686        0.00253093 
        0.00097319        0.01280671        0.02214670        0.01990145        0.01640141        0.01211631        0.00740600        0.00249350 
        0.00090864        0.01255602        0.02178943        0.01959115        0.01615202        0.01193500        0.00729597        0.00245667 
        0.00084448        0.01230645        0.02143514        0.01928294        0.01590377        0.01175487        0.00718701        0.00241986 
        0.00078076        0.01205933        0.02108252        0.01897663        0.01565719        0.01157570        0.00707841        0.00238359 
        0.00071752        0.01181334        0.02073258        0.01867229        0.01541251        0.01139808        0.00697070        0.00234729 
        0.00065479        0.01156908        0.02038497        0.01836985        0.01516944        0.01122141        0.00686353        0.00231099 
        0.00059247        0.01132619        0.02003950        0.01806957        0.01492774        0.01104605        0.00675756        0.00227559 
        0.00053060        0.01108575        0.01969612        0.01777118        0.01468784        0.01087195        0.00665194        0.00224000 
        0.00046909        0.01084596        0.01935506        0.01747489        0.01444972        0.01069915        0.00654715        0.00220478 
        0.00040838        0.01060855        0.01901722        0.01718092        0.01421303        0.01052737        0.00644284        0.00216952 
        0.00034787        0.01037246        0.01868039        0.01688856        0.01397800        0.01035619        0.00633919        0.00213495 
        0.00028780        0.01013803        0.01834667        0.01659817        0.01374465        0.01018715        0.00623649        0.00210020 
        0.00022832        0.00990534        0.01801497        0.01631021        0.01351285        0.01001859        0.00613451        0.00206593 
        0.00016925        0.00967431        0.01768517        0.01602405        0.01328295        0.00985152        0.00603294        0.00203192 
        0.00011061        0.00944483        0.01735848        0.01574004        0.01305437        0.00968546        0.00593245        0.00199813 
        0.00005242        0.00921708        0.01703382        0.01545793        0.01282758        0.00952089        0.00583267        0.00196442 
       -0.00000519        0.00899106        0.01671100        0.01517785        0.01260233        0.00935721        0.00573343        0.00193104 
       -0.00006244        0.00876650        0.01639080        0.01489979        0.01237899        0.00919485        0.00563496        0.00189802 
       -0.00011912        0.00854379        0.01607311        0.01462370        0.01215643        0.00903344        0.00553715        0.00186512 
       -0.00017542        0.00832230        0.01575726        0.01434946        0.01193619        0.00887358        0.00544006        0.00183231 
       -0.00023150        0.00810242        0.01544386        0.01407725        0.01171756        0.00871474        0.00534362        0.00180000 
       -0.00028683        0.00788450        0.01513255        0.01380736        0.01150012        0.00855684        0.00524789        0.00176775 
       -0.00034170        0.00766790        0.01482415        0.01353961        0.01128489        0.00840044        0.00515318        0.00173599 
       -0.00039613        0.00745350        0.01451713        0.01327312        0.01107055        0.00824457        0.00505865        0.00170413 
       -0.00045024        0.00724012        0.01421309        0.01300931        0.01085842        0.00809085        0.00496531        0.00167269 
       -0.00050370        0.00702876        0.01391065        0.01274675        0.01064759        0.00793749        0.00487208        0.00164133 
       -0.00055683        0.00681865        0.01361078        0.01248676        0.01043838        0.00778544        0.00478029        0.00161061 
       -0.00060952        0.00661016        0.01331329        0.01222837        0.01023054        0.00763476        0.00468886        0.00157976 
       -0.00066163        0.00640371        0.01301754        0.01197207        0.01002443        0.00748473        0.00459790        0.00154939 
       -0.00071347        0.00619826        0.01272434        0.01171738        0.00981975        0.00733608        0.00450778        0.00151902 
       -0.00076470        0.00599483        0.01243311        0.01146525        0.00961703        0.00718862        0.00441819        0.00148883 
       -0.00081560        0.00579256        0.01214457        0.01121461        0.00941575        0.00704241        0.00432956        0.00145894 
       -0.00086589        0.00559223        0.01185787        0.01096576        0.00921500        0.00689656        0.00424129        0.00142938 
       -0.00091594        0.00539327        0.01157331        0.01071918        0.00901693        0.00675297        0.00415438        0.00140014 
       -0.00096531        0.00519603        0.01129061        0.01047426        0.00882024        0.00660962        0.00406718        0.00137088 
       -0.00101449        0.00500023        0.01101077        0.01023149        0.00862479        0.00646782        0.00398147        0.00134206 
       -0.00106306        0.00480613        0.01073253        0.00999016        0.00843078        0.00632691        0.00389600        0.00131336 
       -0.00111133        0.00461343        0.01045656        0.00975060        0.00823855        0.00618732        0.00381130        0.00128487 
       -0.00115898        0.00442249        0.01018313        0.00951350        0.00804782        0.00604862        0.00372696        0.00125647 
       -0.00120638        0.00423279        0.00991154        0.00927806        0.00785828        0.00591111        0.00364381        0.00122851 
       -0.00125322        0.00404462        0.00964192        0.00904447        0.00767052        0.00577438        0.00356108        0.00120082 
       -0.00129963        0.00385836        0.00937474        0.00881290        0.00748414        0.00563890        0.00347871        0.00117311 
       -0.00134584        0.00367314        0.00910926        0.00858301        0.00729936        0.00550449        0.00339705        0.00114560 
       -0.00139129        0.00348991        0.00884619        0.00835449        0.00711578        0.00537139        0.00331640        0.00111848 
       -0.00143650        0.00330788        0.00858530        0.00812852        0.00693387        0.00523919        0.00323641        0.00109169 
       -0.00148122        0.00312722        0.00832629        0.00790411        0.00675315        0.00510770        0.00315672        0.00106493 
       -0.00152564        0.00294811        0.00806907        0.00768137        0.00657451        0.00497788        0.00307781        0.00103837 
       -0.00156954        0.00277099        0.00781429        0.00746036        0.00639689        0.00484866        0.00299942        0.00101200 
       -0.00161287        0.00259477        0.00756174        0.00724143        0.00622052        0.00472057        0.00292188        0.00098598 
       -0.00165613        0.00242043        0.00731087        0.00702387        0.00604558        0.00459337        0.00284475        0.00095999 
       -0.00169866        0.00224704        0.00706220        0.00680840        0.00587249        0.00446725        0.00276810        0.00093430 
       -0.00174087        0.00207561        0.00681567        0.00659472        0.00570029        0.00434220        0.00269240        0.00090885 
       -0.00178283        0.00190556        0.00657088        0.00638270        0.00552964        0.00421816        0.00261748        0.00088376 
       -0.00182420        0.00173676        0.00632840        0.00617248        0.00536066        0.00409549        0.00254273        0.00085846 
       -0.00186524        0.00156951        0.00608757        0.00596386        0.00519329        0.00397366        0.00246894        0.00083384 
       -0.00190572        0.00140378        0.00584948        0.00575763        0.00502706        0.00385284        0.00239539        0.00080898 
       -0.00194600        0.00123972        0.00561258        0.00555244        0.00486207        0.00373286        0.00232297        0.00078472 
       -0.00198586        0.00107658        0.00537795        0.00534934        0.00469863        0.00361389        0.00225049        0.00076026 
       -0.00202523        0.00091514        0.00514507        0.00514734        0.00453633        0.00349569        0.00217891        0.00073636 
       -0.00206426        0.00075495        0.00491446        0.00494757        0.00437540        0.00337875        0.00210822        0.00071266 
       -0.00210284        0.00059640        0.00468564        0.00474951        0.00421625        0.00326306        0.00203770        0.00068888 
       -0.00214106        0.00043911        0.00445908        0.00455290        0.00405774        0.00314790        0.00196791        0.00066531 
       -0.00217891        0.00028321        0.00423408        0.00435811        0.00390139        0.00303406        0.00189883        0.00064203 
       -0.00221635        0.00012863        0.00401115        0.00416508        0.00374585        0.00292081        0.00183022        0.00061905 
       -0.00225329       -0.00002429        0.00379050        0.00397384        0.00359207        0.00280899        0.00176215        0.00059623 
       -0.00228995       -0.00017613        0.00357127        0.00378379        0.00343904        0.00269771        0.00169486        0.00057349 
       -0.00232622       -0.00032642        0.00335443        0.00359598        0.00328779        0.00258750        0.00162816        0.00055125 
       -0.00236204       -0.00047520        0.00313872        0.00340924        0.00313768        0.00247818        0.00156158        0.00052884 
       -0.00239754       -0.00062299        0.00292543        0.00322455        0.00298911        0.00237009        0.00149608        0.00050688 
       -0.00243263       -0.00076926        0.00271410        0.00304145        0.00284165        0.00226277        0.00143087        0.00048491 
       -0.00246741       -0.00091398        0.00250441        0.00285998        0.00269553        0.00215641        0.00136632        0.00046325 
       -0.00250174       -0.00105768        0.00229651        0.00267977        0.00255084        0.00205112        0.00130242        0.00044182 
       -0.00253567       -0.00119984        0.00209066        0.00250131        0.00240701        0.00194657        0.00123906        0.00042048 
       -0.00256930       -0.00134069        0.00188676        0.00232473        0.00226486        0.00184283        0.00117594        0.00039923 
       -0.00260249       -0.00148004        0.00168437        0.00214946        0.00212395        0.00174031        0.00111377        0.00037834 
       -0.00263532       -0.00161839        0.00148404        0.00197586        0.00198394        0.00163865        0.00105232        0.00035778 
       -0.00266789       -0.00175509        0.00128531        0.00180387        0.00184554        0.00153777        0.00099111        0.00033736 
       -0.00269994       -0.00189060        0.00108868        0.00163355        0.00170863        0.00143802        0.00093049        0.00031695 
       -0.00273174       -0.00202504        0.00089353        0.00146466        0.00157246        0.00133899        0.00087053        0.00029671 
       -0.00276308       -0.00215799        0.00070059        0.00129744        0.00143784        0.00124073        0.00081062        0.00027660 
       -0.00279421       -0.00228971        0.00050902        0.00113153        0.00130433        0.00114352        0.00075167        0.00025685 
       -0.00282487       -0.00242010        0.00031954        0.00096738        0.00117218        0.00104737        0.00069356        0.00023746 
       -0.00285517       -0.00254920        0.00013179        0.00080478        0.00104117        0.00095162        0.00063515        0.00021774 
       -0.00288518       -0.00267699       -0.00005394        0.00064361        0.00091141        0.00085747        0.00057799        0.00019845 
       -0.00291473       -0.00280383       -0.00023848        0.00048381        0.00078291        0.00076398        0.00052142        0.00017945 
       -0.00294392       -0.00292909       -0.00042099        0.00032580        0.00065556        0.00067115        0.00046480        0.00016040 
       -0.00297286       -0.00305319       -0.00060183        0.00016922        0.00052938        0.00057918        0.00040936        0.00014189 
       -0.00300142       -0.00317600       -0.00078067        0.00001419        0.00040466        0.00048831        0.00035381        0.00012308 
       -0.00302967       -0.00329784       -0.00095823       -0.00013968        0.00028056        0.00039774        0.00029916        0.00010490 
       -0.00305748       -0.00341791       -0.00113374       -0.00029132        0.00015843        0.00030875        0.00024509        0.00008669 
       -0.00308499       -0.00353697       -0.00130793       -0.00044218        0.00003684        0.00022045        0.00019121        0.00006837 
       -0.00311221       -0.00365508       -0.00148007       -0.00059158       -0.00008345        0.00013268        0.00013807        0.00005062 
       -0.00313905       -0.00377166       -0.00165042       -0.00073910       -0.00020245        0.00004575        0.00008523        0.00003295 
       -0.00316553       -0.00388712       -0.00181964       -0.00088543       -0.00032014       -0.00003994        0.00003326        0.00001548 
       -0.00319177       -0.00400174       -0.00198668       -0.00103021       -0.00043687       -0.00012511       -0.00001845       -0.00000186 
       -0.00321752       -0.00411460       -0.00215232       -0.00117379       -0.00055265       -0.00020939       -0.00006977       -0.00001916 
       -0.00324307       -0.00422642       -0.00231618       -0.00131571       -0.00066686       -0.00029278       -0.00012040       -0.00003614 
       -0.00326826       -0.00433722       -0.00247848       -0.00145650       -0.00078031       -0.00037566       -0.00017071       -0.00005291 
       -0.00329304       -0.00444686       -0.00263926       -0.00159541       -0.00089228       -0.00045720       -0.00022018       -0.00006962 
       -0.00331764       -0.00455523       -0.00279793       -0.00173312       -0.00100341       -0.00053826       -0.00026938       -0.00008616 
       -0.00334182       -0.00466248       -0.00295541       -0.00186962       -0.00111347       -0.00061828       -0.00031799       -0.00010256 
       -0.00336568       -0.00476849       -0.00311130       -0.00200474       -0.00122228       -0.00069767       -0.00036633       -0.00011873 
