        0.00000000        0.00000000        0.00000000        0.00000000        0.00000000 
        0.00000000        0.00000000        0.00000000        0.00000000        0.00000000 
        0.00000000        0.00000000        0.00000000        0.00000000        0.00000000 
        0.00000000        0.00000000        0.00000000        0.00000000        0.00000000 
        0.00000000        0.00000000        0.00000000        0.00000000        0.00000000 
        0.00000000        0.00000000        0.00000000        0.00000000        0.00000000 
        0.00000000        0.00000000        0.00000000        0.00000000        0.00000000 
        0.00000000        0.00000000        0.00000000        0.00000000        0.00000000 
        0.00000000        0.00000000        0.00000000        0.00000000        0.00000000 
        0.00000000        0.00000000        0.00000000        0.00000000        0.00000000 
        0.00000000        0.00000000        0.00000000        0.00000000        0.00000000 
        0.00000000        0.00000000        0.00000000        0.00000000        0.00000000 
        0.00000000        0.00000000        0.00000000        0.00000000        0.00000000 
        0.00000000        0.00000000        0.00000000        0.00000000        0.00000000 
        0.00000000        0.00000000        0.00000000        0.00000000        0.00000000 
        0.00000000        0.00000000        0.00000000        0.00000000        0.00000000 
        0.00000000        0.00000000        0.00000000        0.00000000        0.00000000 
        0.00000000        0.00000000        0.00000000        0.00000000        0.00000000 
        0.00000000        0.00000000        0.00000000        0.00000000        0.00000000 
        0.00000000        0.00000000        0.00000000        0.00000000        0.00000000 
        0.00000000        0.00000000        0.00000000        0.00000000        0.00000000 
        0.00000000        0.00000000        0.00000000        0.00000000        0.00000000 
        0.00000000        0.00000000        0.00000000        0.00000000        0.00000000 
        0.00000000        0.00000000        0.00000000        0.00000000        0.00000000 
        0.00000000        0.00000000        0.00000000        0.00000000        0.00000000 
        0.00000000        0.00000000        0.00000000        0.00000000        0.00000000 
        0.00000000        0.00000000        0.00000000        0.00000000        0.00000000 
        0.00000000        0.00000000        0.00000000        0.00000000        0.00000000 
        0.00000000        0.00000000        0.00000000        0.00000000        0.00000000 
        0.00000000        0.00000000        0.00000000        0.00000000        0.00000000 
        0.00000000        0.00000000        0.00000000        0.00000000        0.00000000 
        0.00000000        0.00000000        0.00000000        0.00000000        0.00000000 
        0.00000000        0.00000000        0.00000000        0.00000000        0.00000000 
        0.00000000        0.00000000        0.00000000        0.00000000        0.00000000 
        0.00000000        0.00000000        0.00000000        0.00000000        0.00000000 
        0.00000000        0.00000000        0.00000000        0.00000000        0.00000000 
        0.00000000        0.00000000        0.00000000        0.00000000        0.00000000 
        0.00000000        0.00000000        0.00000000        0.00000000        0.00000000 
        0.00000000        0.00000000        0.00000000        0.00000000        0.00000000 
        0.00000000        0.00000000        0.00000000        0.00000000        0.00000000 
        0.00000000        0.00000000        0.00000000        0.00000000        0.00000000 
        0.00000000        0.00000000        0.00000000        0.00000000        0.00000000 
        0.00000000        0.00000000        0.00000000        0.00000000        0.00000000 
        0.00000000        0.00000000        0.00000000        0.00000000        0.00000000 
        0.00000000        0.00000000        0.00000000        0.00000000        0.00000000 
        0.00000000        0.00000000        0.00000000        0.00000000        0.00000000 
        0.00000000        0.00000000        0.00000000        0.00000000        0.00000000 
        0.00000000        0.00000000        0.00000000        0.00000000        0.00000000 
        0.00000000        0.00000000        0.00000000        0.00000000        0.00000000 
        0.00000000        0.00000000        0.00000000        0.00000000        0.00000000 
        0.00000000        0.00000000        0.00000000        0.00000000        0.00000000 
        0.00000000        0.00000000        0.00000000        0.00000000        0.00000000 
        0.00000000        0.00000000        0.00000000        0.00000000        0.00000000 
        0.00000000        0.00000000        0.00000000        0.00000000        0.00000000 
        0.00000000        0.00000000        0.00000000        0.00000000        0.00000000 
        0.00000000        0.00000000        0.00000000        0.00000000        0.00000000 
        0.00000000        0.00000000        0.00000000        0.00000000        0.00000000 
        0.00000000        0.00000000        0.00000000        0.00000000        0.00000000 
        0.00000000        0.00000000        0.00000000        0.00000000        0.00000000 
        0.00000000        0.00000000        0.00000000        0.00000000        0.00000000 
        0.00000000        0.00000001        0.00000001        0.00000000        0.00000000 
        0.00000000        0.00000001        0.00000001        0.00000000        0.00000000 
        0.00000000        0.00000001        0.00000001        0.00000000        0.00000000 
        0.00000000        0.00000001        0.00000001        0.00000000        0.00000000 
        0.00000000        0.00000001        0.00000001        0.00000000        0.00000000 
        0.00000000        0.00000002        0.00000002        0.00000001        0.00000000 
        0.00000000        0.00000002        0.00000002        0.00000001        0.00000000 
        0.00000000        0.00000002        0.00000003        0.00000001        0.00000000 
        0.00000000        0.00000003        0.00000003        0.00000001        0.00000000 
        0.00000001        0.00000004        0.00000004        0.00000001        0.00000000 
        0.00000001        0.00000005        0.00000005        0.00000002        0.00000000 
        0.00000001        0.00000006        0.00000007        0.00000002        0.00000001 
        0.00000001        0.00000007        0.00000008        0.00000003        0.00000001 
        0.00000001        0.00000009        0.00000010        0.00000003        0.00000001 
        0.00000002        0.00000011        0.00000012        0.00000004        0.00000001 
        0.00000002        0.00000013        0.00000015        0.00000005        0.00000001 
        0.00000002        0.00000016        0.00000018        0.00000006        0.00000002 
        0.00000003        0.00000019        0.00000022        0.00000008        0.00000002 
        0.00000004        0.00000024        0.00000027        0.00000009        0.00000002 
        0.00000004        0.00000029        0.00000033        0.00000011        0.00000003 
        0.00000005        0.00000035        0.00000040        0.00000014        0.00000004 
        0.00000007        0.00000042        0.00000048        0.00000017        0.00000004 
        0.00000008        0.00000051        0.00000059        0.00000021        0.00000005 
        0.00000010        0.00000062        0.00000071        0.00000025        0.00000006 
        0.00000012        0.00000075        0.00000086        0.00000030        0.00000008 
        0.00000015        0.00000090        0.00000103        0.00000037        0.00000009 
        0.00000018        0.00000108        0.00000125        0.00000045        0.00000011 
        0.00000022        0.00000130        0.00000150        0.00000054        0.00000014 
        0.00000026        0.00000157        0.00000180        0.00000065        0.00000017 
        0.00000031        0.00000188        0.00000216        0.00000078        0.00000020 
        0.00000038        0.00000225        0.00000258        0.00000094        0.00000024 
        0.00000046        0.00000269        0.00000308        0.00000113        0.00000029 
        0.00000055        0.00000321        0.00000368        0.00000136        0.00000035 
        0.00000066        0.00000382        0.00000439        0.00000162        0.00000042 
        0.00000079        0.00000455        0.00000522        0.00000194        0.00000051 
        0.00000094        0.00000540        0.00000620        0.00000232        0.00000061 
        0.00000112        0.00000641        0.00000736        0.00000276        0.00000073 
        0.00000134        0.00000759        0.00000872        0.00000329        0.00000087 
        0.00000160        0.00000898        0.00001031        0.00000391        0.00000103 
        0.00000190        0.00001061        0.00001218        0.00000464        0.00000123 
        0.00000225        0.00001251        0.00001437        0.00000549        0.00000146 
        0.00000267        0.00001473        0.00001692        0.00000650        0.00000173 
        0.00000316        0.00001733        0.00001990        0.00000768        0.00000205 
        0.00000374        0.00002035        0.00002337        0.00000906        0.00000243 
        0.00000441        0.00002386        0.00002740        0.00001067        0.00000286 
        0.00000520        0.00002794        0.00003208        0.00001255        0.00000338 
        0.00000612        0.00003266        0.00003750        0.00001474        0.00000398 
        0.00000719        0.00003813        0.00004378        0.00001729        0.00000468 
        0.00000844        0.00004445        0.00005103        0.00002024        0.00000549 
        0.00000989        0.00005173        0.00005939        0.00002366        0.00000643 
        0.00001157        0.00006013        0.00006902        0.00002763        0.00000753 
        0.00001351        0.00006978        0.00008010        0.00003221        0.00000880 
        0.00001576        0.00008087        0.00009281        0.00003749        0.00001026 
        0.00001836        0.00009358        0.00010739        0.00004357        0.00001196 
        0.00002135        0.00010813        0.00012408        0.00005057        0.00001391 
        0.00002480        0.00012476        0.00014314        0.00005860        0.00001616 
        0.00002876        0.00014374        0.00016490        0.00006781        0.00001874 
        0.00003330        0.00016536        0.00018968        0.00007835        0.00002171 
        0.00003850        0.00018996        0.00021786        0.00009039        0.00002511 
        0.00004445        0.00021790        0.00024987        0.00010413        0.00002899 
        0.00005124        0.00024958        0.00028616        0.00011979        0.00003343 
        0.00005899        0.00028545        0.00032724        0.00013759        0.00003848 
        0.00006780        0.00032600        0.00037367        0.00015780        0.00004424 
        0.00007782        0.00037178        0.00042606        0.00018072        0.00005079 
        0.00008919        0.00042336        0.00048509        0.00020667        0.00005821 
        0.00010207        0.00048140        0.00055149        0.00023598        0.00006662 
        0.00011664        0.00054660        0.00062607        0.00026907        0.00007613 
        0.00013309        0.00061973        0.00070969        0.00030634        0.00008688 
        0.00015164        0.00070162        0.00080331        0.00034825        0.00009899 
        0.00017252        0.00079319        0.00090795        0.00039533        0.00011262 
        0.00019599        0.00089541        0.00102473        0.00044811        0.00012795 
        0.00022233        0.00100933        0.00115485        0.00050718        0.00014514 
        0.00025183        0.00113611        0.00129959        0.00057321        0.00016440 
        0.00028484        0.00127695        0.00146035        0.00064688        0.00018594 
        0.00032170        0.00143319        0.00163862        0.00072895        0.00021000 
        0.00036280        0.00160622        0.00183598        0.00082023        0.00023681 
        0.00040856        0.00179754        0.00205412        0.00092158        0.00026666 
        0.00045941        0.00200875        0.00229485        0.00103395        0.00029982 
        0.00051585        0.00224154        0.00256008        0.00115833        0.00033662 
        0.00057836        0.00249770        0.00285183        0.00129576        0.00037737 
        0.00064751        0.00277914        0.00317223        0.00144740        0.00042243 
        0.00072388        0.00308784        0.00352353        0.00161441        0.00047219 
        0.00080807        0.00342591        0.00390809        0.00179807        0.00052702 
        0.00090073        0.00379552        0.00432836        0.00199971        0.00058736 
        0.00100257        0.00419899        0.00478691        0.00222072        0.00065365 
        0.00111429        0.00463868        0.00528642        0.00246257        0.00072635 
        0.00123667        0.00511708        0.00582964        0.00272679        0.00080596 
        0.00137048        0.00563673        0.00641944        0.00301496        0.00089298 
        0.00151658        0.00620028        0.00705875        0.00332876        0.00098796 
        0.00167581        0.00681043        0.00775059        0.00366988        0.00109143 
        0.00184908        0.00746994        0.00849803        0.00404009        0.00120398 
        0.00203730        0.00818164        0.00930420        0.00444121        0.00132620 
        0.00224143        0.00894837        0.01017226        0.00487508        0.00145869 
        0.00246244        0.00977303        0.01110539        0.00534359        0.00160208 
        0.00270133        0.01065851        0.01210681        0.00584867        0.00175701 
        0.00295911        0.01160769        0.01317968        0.00639224        0.00192411 
        0.00323679        0.01262344        0.01432716        0.00697625        0.00210404 
        0.00353542        0.01370862        0.01555238        0.00760265        0.00229745 
        0.00385602        0.01486598        0.01685832        0.00827336        0.00250500 
        0.00419962        0.01609823        0.01824795        0.00899028        0.00272734 
        0.00456725        0.01740800        0.01972409        0.00975528        0.00296511 
        0.00495989        0.01879772        0.02128939        0.01057019        0.00321895 
        0.00537852        0.02026975        0.02294637        0.01143673        0.00348946 
        0.00582410        0.02182623        0.02469729        0.01235658        0.00377724 
        0.00629750        0.02346914        0.02654427        0.01333130        0.00408285 
        0.00679959        0.02520022        0.02848909        0.01436234        0.00440682 
        0.00733116        0.02702096        0.03053330        0.01545101        0.00474965 
        0.00789294        0.02893260        0.03267811        0.01659852        0.00511179 
        0.00848556        0.03093605        0.03492442        0.01780580        0.00549362 
        0.00910959        0.03303192        0.03727272        0.01907372        0.00589552 
        0.00976549        0.03522047        0.03972313        0.02040287        0.00631773 
        0.01045363        0.03750156        0.04227537        0.02179366        0.00676050 
        0.01117424        0.03987471        0.04492867        0.02324623        0.00722394 
        0.01192743        0.04233899        0.04768185        0.02476051        0.00770814 
        0.01271317        0.04489299        0.05053325        0.02633615        0.00821304 
        0.01353132        0.04753493        0.05348055        0.02797246        0.00873856 
        0.01438162        0.05026255        0.05652122        0.02966861        0.00928449 
        0.01526349        0.05307303        0.05965187        0.03142324        0.00985051 
        0.01617637        0.05596316        0.06286876        0.03323488        0.01043619 
        0.01711943        0.05892916        0.06616755        0.03510162        0.01104105 
        0.01809172        0.06196678        0.06954338        0.03702129        0.01166447 
        0.01909202        0.06507125        0.07299079        0.03899131        0.01230570 
        0.02011903        0.06823736        0.07650387        0.04100882        0.01296384 
        0.02117119        0.07145922        0.08007603        0.04307061        0.01363802 
        0.02224681        0.07473078        0.08370027        0.04517312        0.01432711 
        0.02334395        0.07804520        0.08736899        0.04731247        0.01502990 
        0.02446048        0.08139522        0.09107435        0.04948446        0.01574510 
        0.02559419        0.08477344        0.09480775        0.05168462        0.01647136 
        0.02674270        0.08817188        0.09856036        0.05390811        0.01720708 
        0.02790324        0.09158191        0.10232282        0.05614981        0.01795070 
        0.02907313        0.09499502        0.10608551        0.05840437        0.01870045 
        0.03024942        0.09840211        0.10983863        0.06066623        0.01945459 
        0.03142902        0.10179389        0.11357173        0.06292953        0.02021118 
        0.03260877        0.10516076        0.11727457        0.06518826        0.02096830 
        0.03378533        0.10849313        0.12093639        0.06743622        0.02172390 
        0.03495523        0.11178108        0.12454665        0.06966701        0.02247588 
        0.03611505        0.11501472        0.12809439        0.07187428        0.02322213 
        0.03726114        0.11818427        0.13156906        0.07405150        0.02396047 
        0.03838995        0.12127946        0.13495973        0.07619208        0.02468872 
        0.03949779        0.12429079        0.13825594        0.07828943        0.02540459 
        0.04058100        0.12720832        0.14144720        0.08033708        0.02610599 
        0.04163591        0.13002270        0.14452352        0.08232862        0.02679069 
        0.04265895        0.13272455        0.14747481        0.08425747        0.02745643 
        0.04364649        0.13530488        0.15029164        0.08611766        0.02810119 
        0.04459521        0.13775536        0.15296495        0.08790293        0.02872273 
        0.04550134        0.14006732        0.15548602        0.08960760        0.02931914 
        0.04636192        0.14223322        0.15784678        0.09122604        0.02988842 
        0.04717374        0.14424598        0.16003981        0.09275296        0.03042871 
        0.04793386        0.14609882        0.16205788        0.09418336        0.03093819 
        0.04863925        0.14778543        0.16389498        0.09551269        0.03141528 
        0.04928747        0.14930058        0.16554543        0.09673658        0.03185830 
        0.04987603        0.15063924        0.16700426        0.09785116        0.03226583 
        0.05040288        0.15179738        0.16826740        0.09885299        0.03263672 
        0.05086583        0.15277156        0.16933167        0.09973925        0.03296971 
        0.05126335        0.15355873        0.17019439        0.10050729        0.03326382 
        0.05159408        0.15415776        0.17085364        0.10115498        0.03351825 
        0.05185676        0.15456662        0.17130870        0.10168079        0.03373219 
        0.05205058        0.15478516        0.17155963        0.10208368        0.03390530 
        0.05217484        0.15481383        0.17160648        0.10236311        0.03403711 
        0.05222924        0.15465343        0.17145115        0.10251871        0.03412749 
        0.05221398        0.15430588        0.17109588        0.10255134        0.03417644 
        0.05212910        0.15377361        0.17054364        0.10246140        0.03418396 
        0.05197531        0.15305990        0.16979805        0.10225055        0.03415047 
        0.05175340        0.15216869        0.16886356        0.10192060        0.03407663 
        0.05146462        0.15110463        0.16774529        0.10147387        0.03396283 
        0.05111022        0.14987266        0.16644898        0.10091272        0.03380978 
        0.05069184        0.14847857        0.16498125        0.10024095        0.03361878 
        0.05021156        0.14692873        0.16334847        0.09946144        0.03339055 
        0.04967143        0.14523011        0.16155788        0.09857816        0.03312647 
        0.04907349        0.14338923        0.15961799        0.09759554        0.03282776 
        0.04842077        0.14141428        0.15753651        0.09651807        0.03249590 
        0.04771590        0.13931340        0.15532216        0.09535038        0.03213239 
        0.04696143        0.13709438        0.15298367        0.09409741        0.03173883 
        0.04616085        0.13476613        0.15052998        0.09276456        0.03131694 
        0.04531698        0.13233730        0.14797062        0.09135711        0.03086856 
        0.04443316        0.12981653        0.14531466        0.08988068        0.03039542 
        0.04351300        0.12721318        0.14257213        0.08834100        0.02989943 
        0.04255952        0.12453607        0.13975173        0.08674344        0.02938247 
        0.04157658        0.12179434        0.13686329        0.08509421        0.02884641 
        0.04056729        0.11899677        0.13391614        0.08339864        0.02829331 
        0.03953557        0.11615241        0.13091958        0.08166271        0.02772498 
        0.03848441        0.11326975        0.12788242        0.07989216        0.02714348 
        0.03741772        0.11035794        0.12481403        0.07809228        0.02655047 
        0.03633863        0.10742450        0.12172228        0.07626885        0.02594811 
        0.03525054        0.10447848        0.11861646        0.07442737        0.02533817 
        0.03415668        0.10152680        0.11550349        0.07257259        0.02472246 
        0.03306019        0.09857768        0.11239207        0.07070971        0.02410242 
        0.03196418        0.09563780        0.10928887        0.06884414        0.02348036 
        0.03087157        0.09271431        0.10620099        0.06697977        0.02285734 
        0.02978498        0.08981347        0.10313511        0.06512111        0.02223507 
        0.02870718        0.08694124        0.10009718        0.06327266        0.02161500 
        0.02764058        0.08410341        0.09709340        0.06143838        0.02099863 
        0.02658755        0.08130503        0.09412825        0.05962139        0.02038714 
        0.02555031        0.07855117        0.09120715        0.05782580        0.01978183 
        0.02453059        0.07584608        0.08833438        0.05605417        0.01918373 
        0.02353045        0.07319325        0.08551389        0.05430961        0.01859385 
        0.02255151        0.07059699        0.08274913        0.05259484        0.01801339 
        0.02159536        0.06805998        0.08004349        0.05091190        0.01744291 
        0.02066317        0.06558502        0.07739943        0.04926318        0.01688328 
        0.01975593        0.06317407        0.07481933        0.04765052        0.01633528 
        0.01887485        0.06082958        0.07230532        0.04607499        0.01579922 
        0.01802063        0.05855274        0.06985855        0.04453838        0.01527604 
        0.01719405        0.05634493        0.06748039        0.04304183        0.01476574 
        0.01639540        0.05420691        0.06517184        0.04158598        0.01426899 
        0.01562527        0.05213919        0.06293356        0.04017156        0.01378584 
        0.01488368        0.05014187        0.06076556        0.03879923        0.01331657 
        0.01417100        0.04821536        0.05866766        0.03746879        0.01286137 
        0.01348692        0.04635876        0.05664000        0.03618097        0.01242036 
        0.01283142        0.04457188        0.05468190        0.03493530        0.01199350 
        0.01220421        0.04285365        0.05279234        0.03373158        0.01158071 
        0.01160501        0.04120329        0.05097091        0.03256950        0.01118186 
        0.01103343        0.03961962        0.04921603        0.03144866        0.01079708 
        0.01048861        0.03810102        0.04752666        0.03036821        0.01042582 
        0.00997053        0.03664643        0.04590115        0.02932751        0.01006806 
        0.00947817        0.03525406        0.04433829        0.02832597        0.00972357 
        0.00901078        0.03392199        0.04283625        0.02736250        0.00939208 
        0.00856790        0.03264862        0.04139340        0.02643621        0.00907309 
        0.00814860        0.03143206        0.04000771        0.02554598        0.00876659 
        0.00775190        0.03027040        0.03867775        0.02469093        0.00847207 
        0.00737715        0.02916127        0.03740120        0.02386978        0.00818919 
        0.00702338        0.02810329        0.03617674        0.02308184        0.00791752 
        0.00668982        0.02709407        0.03500161        0.02232528        0.00765665 
        0.00637560        0.02613166        0.03387475        0.02159971        0.00740653 
        0.00607960        0.02521381        0.03279325        0.02090317        0.00716634 
        0.00580089        0.02433857        0.03175637        0.02023506        0.00693588 
        0.00553909        0.02350444        0.03076154        0.01959407        0.00671488 
        0.00529295        0.02270901        0.02980682        0.01897931        0.00650294 
        0.00506188        0.02195054        0.02889064        0.01838878        0.00629921 
        0.00484455        0.02122697        0.02801102        0.01782244        0.00610389 
        0.00464076        0.02053699        0.02716655        0.01727855        0.00591630 
        0.00444931        0.01987815        0.02635559        0.01675650        0.00573628 
        0.00426951        0.01924899        0.02557603        0.01625466        0.00556332 
        0.00410083        0.01864833        0.02482685        0.01577282        0.00539720 
        0.00394237        0.01807413        0.02410614        0.01530918        0.00523740 
        0.00379343        0.01752490        0.02341267        0.01486358        0.00508387 
        0.00365357        0.01699960        0.02274495        0.01443487        0.00493622 
        0.00352195        0.01649645        0.02210182        0.01402178        0.00479405 
        0.00339812        0.01601422        0.02148184        0.01362404        0.00465706 
        0.00328143        0.01555181        0.02088422        0.01324090        0.00452515 
        0.00317135        0.01510775        0.02030715        0.01287118        0.00439796 
        0.00306748        0.01468128        0.01975018        0.01251459        0.00427535 
        0.00296944        0.01427129        0.01921192        0.01217014        0.00415695 
        0.00287670        0.01387689        0.01869184        0.01183760        0.00404263 
        0.00278865        0.01349682        0.01818836        0.01151615        0.00393230 
        0.00270522        0.01313052        0.01770121        0.01120502        0.00382532 
        0.00262587        0.01277700        0.01722932        0.01090410        0.00372203 
        0.00255030        0.01243562        0.01677203        0.01061264        0.00362203 
        0.00247829        0.01210555        0.01632851        0.01033023        0.00352523 
        0.00240950        0.01178631        0.01589826        0.01005647        0.00343134 
        0.00234374        0.01147726        0.01548064        0.00979093        0.00334033 
        0.00228059        0.01117772        0.01507512        0.00953311        0.00325197 
        0.00222002        0.01088727        0.01468071        0.00928265        0.00316623 
        0.00216165        0.01060528        0.01429754        0.00903964        0.00308298 
        0.00210546        0.01033142        0.01392487        0.00880328        0.00300215 
        0.00205132        0.01006541        0.01356199        0.00857332        0.00292346 
        0.00199887        0.00980654        0.01320881        0.00834969        0.00284703 
        0.00194807        0.00955459        0.01286480        0.00813204        0.00277257 
        0.00189880        0.00930932        0.01252970        0.00792003        0.00270015 
        0.00185098        0.00907025        0.01220328        0.00771374        0.00262965 
        0.00180462        0.00883755        0.01188487        0.00751248        0.00256091 
        0.00175922        0.00861034        0.01157439        0.00731662        0.00249408 
        0.00171512        0.00838867        0.01127151        0.00712550        0.00242881 
        0.00167215        0.00817233        0.01097625        0.00693917        0.00236520 
        0.00163008        0.00796118        0.01068801        0.00675738        0.00230321 
        0.00158894        0.00775485        0.01040649        0.00657994        0.00224270 
        0.00154879        0.00755338        0.01013172        0.00640702        0.00218372 
        0.00150940        0.00735636        0.00986356        0.00623807        0.00212610 
        0.00147076        0.00716382        0.00960162        0.00607321        0.00206989 
        0.00143295        0.00697559        0.00934568        0.00591215        0.00201508 
        0.00139590        0.00679159        0.00909576        0.00575504        0.00196157 
        0.00135950        0.00661159        0.00885169        0.00560156        0.00190930 
        0.00132380        0.00643551        0.00861317        0.00545157        0.00185819 
        0.00128878        0.00626332        0.00838013        0.00530520        0.00180836 
        0.00125433        0.00609472        0.00815240        0.00516209        0.00175964 
        0.00122052        0.00592987        0.00792986        0.00502247        0.00171216 
        0.00118726        0.00576855        0.00771251        0.00488590        0.00166564 
        0.00115464        0.00561073        0.00750002        0.00475252        0.00162026 
        0.00112256        0.00545624        0.00729240        0.00462215        0.00157591 
        0.00109109        0.00530508        0.00708945        0.00449482        0.00153259 
        0.00106007        0.00515714        0.00689118        0.00437045        0.00149028 
        0.00102962        0.00501236        0.00669748        0.00424889        0.00144892 
        0.00099974        0.00487068        0.00650807        0.00413017        0.00140857 
        0.00097038        0.00473219        0.00632302        0.00401413        0.00136913 
        0.00094159        0.00459655        0.00614226        0.00390078        0.00133055 
        0.00091311        0.00446375        0.00596559        0.00378990        0.00129285 
        0.00088533        0.00433396        0.00579292        0.00368170        0.00125606 
        0.00085799        0.00420699        0.00562425        0.00357606        0.00122021 
        0.00083119        0.00408281        0.00545947        0.00347285        0.00118516 
        0.00080477        0.00396129        0.00529850        0.00337191        0.00115082 
        0.00077888        0.00384240        0.00514123        0.00327328        0.00111730 
        0.00075348        0.00372605        0.00498758        0.00317711        0.00108466 
        0.00072855        0.00361237        0.00483750        0.00308305        0.00105267 
        0.00070408        0.00350112        0.00469069        0.00299114        0.00102147 
        0.00068006        0.00339241        0.00454770        0.00290146        0.00099100 
        0.00065655        0.00328609        0.00440781        0.00281383        0.00096123 
        0.00063345        0.00318217        0.00427125        0.00272833        0.00093222 
        0.00061082        0.00308061        0.00413790        0.00264481        0.00090384 
        0.00058863        0.00298123        0.00400768        0.00256318        0.00087610 
        0.00056689        0.00288430        0.00388053        0.00248350        0.00084907 
        0.00054564        0.00278945        0.00375646        0.00240576        0.00082263 
        0.00052475        0.00269675        0.00363521        0.00232986        0.00079687 
        0.00050431        0.00260624        0.00351693        0.00225574        0.00077171 
        0.00048426        0.00251773        0.00340155        0.00218350        0.00074717 
        0.00046470        0.00243133        0.00328881        0.00211278        0.00072317 
        0.00044549        0.00234695        0.00317883        0.00204387        0.00069978 
        0.00042672        0.00226453        0.00307147        0.00197659        0.00067692 
        0.00040838        0.00218406        0.00296681        0.00191100        0.00065462 
        0.00039041        0.00210547        0.00286451        0.00184691        0.00063288 
        0.00037285        0.00202882        0.00276491        0.00178441        0.00061165 
        0.00035566        0.00195389        0.00266771        0.00172348        0.00059094 
        0.00033886        0.00188079        0.00257283        0.00166400        0.00057077 
        0.00032239        0.00180943        0.00248030        0.00160602        0.00055107 
        0.00030641        0.00173990        0.00239015        0.00154948        0.00053187 
        0.00029068        0.00167195        0.00230205        0.00149423        0.00051313 
        0.00027538        0.00160565        0.00221635        0.00144040        0.00049482 
        0.00026040        0.00154097        0.00213273        0.00138797        0.00047700 
        0.00024578        0.00147796        0.00205120        0.00133677        0.00045962 
        0.00023154        0.00141652        0.00197175        0.00128689        0.00044269 
        0.00021761        0.00135651        0.00189429        0.00123832        0.00042619 
        0.00020405        0.00129814        0.00181881        0.00119093        0.00041011 
        0.00019081        0.00124115        0.00174526        0.00114473        0.00039442 
        0.00017791        0.00118566        0.00167359        0.00109970        0.00037909 
        0.00016529        0.00113149        0.00160378        0.00105587        0.00036422 
        0.00015301        0.00107878        0.00153580        0.00101314        0.00034972 
        0.00014107        0.00102746        0.00146956        0.00097154        0.00033558 
        0.00012939        0.00097743        0.00140508        0.00093096        0.00032178 
        0.00011802        0.00092864        0.00134224        0.00089146        0.00030836 
        0.00010693        0.00088115        0.00128111        0.00085304        0.00029531 
        0.00009618        0.00083496        0.00122161        0.00081556        0.00028257 
        0.00008567        0.00078998        0.00116365        0.00077912        0.00027019 
        0.00007545        0.00074621        0.00110723        0.00074363        0.00025814 
        0.00006554        0.00070360        0.00105236        0.00070906        0.00024638 
        0.00005588        0.00066216        0.00099897        0.00067547        0.00023497 
        0.00004648        0.00062181        0.00094704        0.00064271        0.00022383 
        0.00003735        0.00058260        0.00089648        0.00061086        0.00021299 
        0.00002845        0.00054441        0.00084741        0.00057991        0.00020247 
        0.00001986        0.00050735        0.00079968        0.00054981        0.00019223 
        0.00001146        0.00047125        0.00075319        0.00052048        0.00018224 
        0.00000330        0.00043615        0.00070804        0.00049194        0.00017253 
       -0.00000457        0.00040215        0.00066421        0.00046429        0.00016315 
       -0.00001226        0.00036900        0.00062153        0.00043733        0.00015396 
       -0.00001967        0.00033690        0.00058007        0.00041118        0.00014507 
       -0.00002689        0.00030566        0.00053985        0.00038569        0.00013639 
       -0.00003389        0.00027535        0.00050077        0.00036100        0.00012799 
       -0.00004064        0.00024594        0.00046279        0.00033696        0.00011981 
       -0.00004722        0.00021736        0.00042596        0.00031366        0.00011189 
       -0.00005356        0.00018963        0.00039016        0.00029099        0.00010416 
       -0.00005972        0.00016280        0.00035547        0.00026903        0.00009669 
       -0.00006567        0.00013669        0.00032175        0.00024768        0.00008941 
       -0.00007143        0.00011145        0.00028910        0.00022691        0.00008233 
       -0.00007700        0.00008690        0.00025742        0.00020684        0.00007549 
       -0.00008240        0.00006317        0.00022665        0.00018729        0.00006884 
       -0.00008757        0.00004019        0.00019688        0.00016838        0.00006239 
       -0.00009261        0.00001788        0.00016803        0.00015001        0.00005613 
       -0.00009745       -0.00000366        0.00014004        0.00013228        0.00005008 
       -0.00010213       -0.00002458        0.00011299        0.00011503        0.00004420 
       -0.00010665       -0.00004480        0.00008672        0.00009830        0.00003850 
       -0.00011099       -0.00006434        0.00006131        0.00008211        0.00003297 
       -0.00011515       -0.00008322        0.00003672        0.00006641        0.00002762 
       -0.00011920       -0.00010153        0.00001292        0.00005120        0.00002242 
       -0.00012307       -0.00011917       -0.00001014        0.00003650        0.00001741 
       -0.00012678       -0.00013623       -0.00003237        0.00002228        0.00001255 
       -0.00013036       -0.00015270       -0.00005392        0.00000849        0.00000785 
       -0.00013379       -0.00016860       -0.00007472       -0.00000483        0.00000330 
       -0.00013709       -0.00018395       -0.00009483       -0.00001771       -0.00000111 
       -0.00014024       -0.00019873       -0.00011424       -0.00003016       -0.00000537 
       -0.00014324       -0.00021301       -0.00013300       -0.00004221       -0.00000948 
       -0.00014614       -0.00022674       -0.00015106       -0.00005382       -0.00001347 
       -0.00014892       -0.00023999       -0.00016853       -0.00006506       -0.00001731 
       -0.00015156       -0.00025276       -0.00018539       -0.00007590       -0.00002101 
       -0.00015406       -0.00026499       -0.00020158       -0.00008635       -0.00002459 
       -0.00015648       -0.00027682       -0.00021723       -0.00009647       -0.00002806 
       -0.00015875       -0.00028812       -0.00023228       -0.00010620       -0.00003139 
       -0.00016093       -0.00029901       -0.00024677       -0.00011557       -0.00003460 
       -0.00016297       -0.00030944       -0.00026072       -0.00012461       -0.00003770 
       -0.00016494       -0.00031948       -0.00027413       -0.00013333       -0.00004070 
       -0.00016679       -0.00032911       -0.00028702       -0.00014170       -0.00004357 
       -0.00016854       -0.00033829       -0.00029939       -0.00014975       -0.00004634 
       -0.00017018       -0.00034709       -0.00031127       -0.00015751       -0.00004900 
       -0.00017173       -0.00035550       -0.00032268       -0.00016494       -0.00005156 
       -0.00017321       -0.00036358       -0.00033362       -0.00017211       -0.00005403 
       -0.00017456       -0.00037125       -0.00034406       -0.00017895       -0.00005638 
       -0.00017584       -0.00037859       -0.00035411       -0.00018556       -0.00005866 
       -0.00017703       -0.00038557       -0.00036370       -0.00019187       -0.00006083 
       -0.00017812       -0.00039222       -0.00037289       -0.00019792       -0.00006291 
       -0.00017915       -0.00039856       -0.00038164       -0.00020372       -0.00006492 
       -0.00018008       -0.00040455       -0.00039000       -0.00020928       -0.00006684 
       -0.00018094       -0.00041024       -0.00039797       -0.00021457       -0.00006867 
       -0.00018174       -0.00041563       -0.00040557       -0.00021961       -0.00007041 
       -0.00018244       -0.00042071       -0.00041278       -0.00022445       -0.00007209 
       -0.00018308       -0.00042553       -0.00041964       -0.00022903       -0.00007368 
       -0.00018365       -0.00043006       -0.00042617       -0.00023344       -0.00007521 
       -0.00018416       -0.00043432       -0.00043233       -0.00023759       -0.00007666 
       -0.00018460       -0.00043832       -0.00043818       -0.00024157       -0.00007804 
       -0.00018497       -0.00044206       -0.00044371       -0.00024532       -0.00007934 
       -0.00018527       -0.00044554       -0.00044891       -0.00024887       -0.00008058 
       -0.00018552       -0.00044878       -0.00045384       -0.00025226       -0.00008176 
       -0.00018572       -0.00045181       -0.00045842       -0.00025543       -0.00008287 
       -0.00018585       -0.00045459       -0.00046275       -0.00025844       -0.00008393 
       -0.00018593       -0.00045715       -0.00046680       -0.00026128       -0.00008492 
       -0.00018595       -0.00045951       -0.00047057       -0.00026393       -0.00008586 
       -0.00018593       -0.00046165       -0.00047408       -0.00026643       -0.00008675 
       -0.00018585       -0.00046358       -0.00047735       -0.00026878       -0.00008757 
       -0.00018572       -0.00046533       -0.00048036       -0.00027094       -0.00008834 
       -0.00018556       -0.00046688       -0.00048313       -0.00027297       -0.00008906 
       -0.00018533       -0.00046824       -0.00048565       -0.00027484       -0.00008973 
       -0.00018508       -0.00046944       -0.00048796       -0.00027657       -0.00009035 
       -0.00018476       -0.00047044       -0.00049005       -0.00027818       -0.00009093 
       -0.00018442       -0.00047129       -0.00049193       -0.00027964       -0.00009146 
       -0.00018404       -0.00047196       -0.00049360       -0.00028097       -0.00009194 
       -0.00018361       -0.00047249       -0.00049507       -0.00028217       -0.00009238 
       -0.00018316       -0.00047287       -0.00049635       -0.00028326       -0.00009278 
       -0.00018266       -0.00047309       -0.00049743       -0.00028422       -0.00009314 
       -0.00018212       -0.00047315       -0.00049834       -0.00028506       -0.00009345 
       -0.00018156       -0.00047310       -0.00049906       -0.00028580       -0.00009374 
       -0.00018096       -0.00047290       -0.00049963       -0.00028642       -0.00009398 
       -0.00018033       -0.00047257       -0.00050002       -0.00028694       -0.00009419 
       -0.00017967       -0.00047211       -0.00050025       -0.00028735       -0.00009436 
       -0.00017898       -0.00047154       -0.00050034       -0.00028768       -0.00009450 
       -0.00017827       -0.00047085       -0.00050026       -0.00028791       -0.00009461 
       -0.00017754       -0.00047004       -0.00050004       -0.00028803       -0.00009468 
       -0.00017676       -0.00046912       -0.00049968       -0.00028807       -0.00009473 
       -0.00017597       -0.00046811       -0.00049920       -0.00028804       -0.00009475 
       -0.00017515       -0.00046697       -0.00049858       -0.00028791       -0.00009473 
       -0.00017430       -0.00046575       -0.00049783       -0.00028769       -0.00009469 
       -0.00017345       -0.00046444       -0.00049696       -0.00028742       -0.00009463 
       -0.00017257       -0.00046303       -0.00049598       -0.00028705       -0.00009453 
       -0.00017166       -0.00046153       -0.00049487       -0.00028662       -0.00009442 
       -0.00017074       -0.00045994       -0.00049366       -0.00028611       -0.00009428 
       -0.00016980       -0.00045828       -0.00049235       -0.00028554       -0.00009411 
       -0.00016885       -0.00045654       -0.00049092       -0.00028491       -0.00009393 
       -0.00016787       -0.00045472       -0.00048941       -0.00028421       -0.00009371 
       -0.00016689       -0.00045284       -0.00048780       -0.00028344       -0.00009349 
       -0.00016588       -0.00045088       -0.00048611       -0.00028262       -0.00009324 
       -0.00016486       -0.00044885       -0.00048433       -0.00028176       -0.00009297 
       -0.00016383       -0.00044677       -0.00048246       -0.00028082       -0.00009268 
       -0.00016279       -0.00044462       -0.00048051       -0.00027984       -0.00009238 
       -0.00016173       -0.00044241       -0.00047849       -0.00027881       -0.00009205 
       -0.00016066       -0.00044015       -0.00047638       -0.00027773       -0.00009171 
       -0.00015958       -0.00043783       -0.00047422       -0.00027661       -0.00009136 
       -0.00015850       -0.00043547       -0.00047198       -0.00027544       -0.00009099 
       -0.00015740       -0.00043305       -0.00046968       -0.00027422       -0.00009061 
       -0.00015629       -0.00043059       -0.00046731       -0.00027297       -0.00009021 
       -0.00015518       -0.00042808       -0.00046489       -0.00027168       -0.00008980 
       -0.00015406       -0.00042553       -0.00046241       -0.00027035       -0.00008937 
       -0.00015292       -0.00042295       -0.00045988       -0.00026899       -0.00008894 
       -0.00015179       -0.00042033       -0.00045730       -0.00026759       -0.00008849 
       -0.00015065       -0.00041766       -0.00045468       -0.00026617       -0.00008803 
       -0.00014950       -0.00041497       -0.00045199       -0.00026470       -0.00008756 
       -0.00014835       -0.00041225       -0.00044927       -0.00026321       -0.00008708 
       -0.00014719       -0.00040949       -0.00044650       -0.00026169       -0.00008659 
       -0.00014604       -0.00040671       -0.00044370       -0.00026014       -0.00008609 
       -0.00014487       -0.00040390       -0.00044085       -0.00025857       -0.00008558 
       -0.00014370       -0.00040106       -0.00043798       -0.00025698       -0.00008507 
       -0.00014253       -0.00039820       -0.00043507       -0.00025536       -0.00008454 
       -0.00014135       -0.00039532       -0.00043213       -0.00025372       -0.00008401 
       -0.00014018       -0.00039243       -0.00042916       -0.00025206       -0.00008347 
       -0.00013900       -0.00038951       -0.00042616       -0.00025038       -0.00008292 
       -0.00013783       -0.00038658       -0.00042313       -0.00024869       -0.00008238 
       -0.00013665       -0.00038362       -0.00042009       -0.00024697       -0.00008182 
       -0.00013547       -0.00038066       -0.00041702       -0.00024525       -0.00008125 
       -0.00013429       -0.00037768       -0.00041393       -0.00024350       -0.00008068 
       -0.00013311       -0.00037469       -0.00041082       -0.00024175       -0.00008011 
       -0.00013193       -0.00037169       -0.00040769       -0.00023997       -0.00007953 
       -0.00013076       -0.00036869       -0.00040455       -0.00023819       -0.00007895 
       -0.00012958       -0.00036567       -0.00040139       -0.00023640       -0.00007836 
       -0.00012841       -0.00036265       -0.00039822       -0.00023460       -0.00007777 
       -0.00012724       -0.00035962       -0.00039504       -0.00023279       -0.00007718 
       -0.00012606       -0.00035659       -0.00039185       -0.00023097       -0.00007659 
       -0.00012490       -0.00035355       -0.00038865       -0.00022914       -0.00007599 
       -0.00012373       -0.00035051       -0.00038544       -0.00022730       -0.00007539 
       -0.00012257       -0.00034747       -0.00038223       -0.00022546       -0.00007478 
       -0.00012141       -0.00034443       -0.00037900       -0.00022362       -0.00007418 
       -0.00012025       -0.00034139       -0.00037578       -0.00022177       -0.00007357 
       -0.00011910       -0.00033835       -0.00037255       -0.00021992       -0.00007296 
       -0.00011796       -0.00033532       -0.00036932       -0.00021806       -0.00007235 
       -0.00011681       -0.00033228       -0.00036609       -0.00021620       -0.00007174 
       -0.00011567       -0.00032925       -0.00036286       -0.00021434       -0.00007113 
       -0.00011453       -0.00032622       -0.00035963       -0.00021248       -0.00007052 
       -0.00011340       -0.00032321       -0.00035640       -0.00021062       -0.00006991 
       -0.00011227       -0.00032019       -0.00035317       -0.00020876       -0.00006929 
       -0.00011115       -0.00031718       -0.00034995       -0.00020690       -0.00006868 
       -0.00011003       -0.00031418       -0.00034673       -0.00020504       -0.00006807 
       -0.00010892       -0.00031119       -0.00034352       -0.00020318       -0.00006745 
       -0.00010782       -0.00030820       -0.00034031       -0.00020132       -0.00006684 
       -0.00010671       -0.00030523       -0.00033711       -0.00019947       -0.00006623 
       -0.00010562       -0.00030227       -0.00033392       -0.00019762       -0.00006562 
       -0.00010453       -0.00029931       -0.00033074       -0.00019577       -0.00006502 
       -0.00010344       -0.00029636       -0.00032757       -0.00019392       -0.00006441 
       -0.00010237       -0.00029343       -0.00032440       -0.00019209       -0.00006380 
       -0.00010129       -0.00029051       -0.00032125       -0.00019025       -0.00006320 
       -0.00010023       -0.00028760       -0.00031810       -0.00018842       -0.00006259 
       -0.00009917       -0.00028471       -0.00031497       -0.00018660       -0.00006199 
       -0.00009812       -0.00028182       -0.00031185       -0.00018478       -0.00006139 
       -0.00009707       -0.00027895       -0.00030874       -0.00018297       -0.00006079 
       -0.00009603       -0.00027610       -0.00030565       -0.00018117       -0.00006020 
       -0.00009500       -0.00027326       -0.00030256       -0.00017937       -0.00005960 
       -0.00009397       -0.00027043       -0.00029950       -0.00017758       -0.00005901 
       -0.00009295       -0.00026762       -0.00029644       -0.00017580       -0.00005842 
       -0.00009194       -0.00026482       -0.00029340       -0.00017403       -0.00005784 
       -0.00009093       -0.00026204       -0.00029038       -0.00017226       -0.00005725 
       -0.00008994       -0.00025928       -0.00028737       -0.00017050       -0.00005667 
       -0.00008894       -0.00025653       -0.00028438       -0.00016875       -0.00005609 
       -0.00008796       -0.00025380       -0.00028140       -0.00016700       -0.00005551 
       -0.00008698       -0.00025108       -0.00027844       -0.00016527       -0.00005494 
       -0.00008601       -0.00024838       -0.00027550       -0.00016355       -0.00005437 
       -0.00008505       -0.00024571       -0.00027258       -0.00016184       -0.00005381 
       -0.00008410       -0.00024304       -0.00026967       -0.00016013       -0.00005324 
       -0.00008315       -0.00024040       -0.00026678       -0.00015844       -0.00005268 
       -0.00008221       -0.00023777       -0.00026391       -0.00015676       -0.00005212 
       -0.00008127       -0.00023516       -0.00026105       -0.00015508       -0.00005157 
       -0.00008035       -0.00023257       -0.00025822       -0.00015342       -0.00005102 
       -0.00007943       -0.00023000       -0.00025540       -0.00015177       -0.00005047 
       -0.00007852       -0.00022744       -0.00025261       -0.00015012       -0.00004993 
       -0.00007762       -0.00022491       -0.00024983       -0.00014849       -0.00004939 
       -0.00007672       -0.00022239       -0.00024707       -0.00014687       -0.00004885 
       -0.00007583       -0.00021989       -0.00024433       -0.00014526       -0.00004832 
       -0.00007495       -0.00021741       -0.00024161       -0.00014366       -0.00004779 
       -0.00007408       -0.00021495       -0.00023892       -0.00014207       -0.00004726 
       -0.00007321       -0.00021251       -0.00023624       -0.00014050       -0.00004674 
       -0.00007236       -0.00021009       -0.00023358       -0.00013893       -0.00004622 
       -0.00007150       -0.00020769       -0.00023094       -0.00013738       -0.00004570 
       -0.00007066       -0.00020530       -0.00022832       -0.00013584       -0.00004519 
       -0.00006983       -0.00020294       -0.00022573       -0.00013431       -0.00004469 
       -0.00006900       -0.00020059       -0.00022315       -0.00013279       -0.00004418 
       -0.00006818       -0.00019827       -0.00022059       -0.00013128       -0.00004368 
       -0.00006736       -0.00019597       -0.00021806       -0.00012979       -0.00004319 
       -0.00006656       -0.00019368       -0.00021554       -0.00012830       -0.00004270 
       -0.00006576       -0.00019142       -0.00021305       -0.00012683       -0.00004221 
       -0.00006497       -0.00018917       -0.00021058       -0.00012537       -0.00004172 
       -0.00006419       -0.00018694       -0.00020812       -0.00012393       -0.00004124 
       -0.00006341       -0.00018474       -0.00020569       -0.00012249       -0.00004077 
       -0.00006265       -0.00018255       -0.00020328       -0.00012107       -0.00004030 
       -0.00006188       -0.00018039       -0.00020089       -0.00011966       -0.00003983 
       -0.00006113       -0.00017824       -0.00019853       -0.00011826       -0.00003936 
       -0.00006038       -0.00017611       -0.00019618       -0.00011687       -0.00003890 
       -0.00005965       -0.00017400       -0.00019385       -0.00011550       -0.00003845 
       -0.00005891       -0.00017191       -0.00019154       -0.00011413       -0.00003799 
       -0.00005819       -0.00016984       -0.00018926       -0.00011278       -0.00003755 
       -0.00005747       -0.00016780       -0.00018700       -0.00011144       -0.00003710 
