        0.00000000        0.00000000        0.00000000        0.00000000        0.00000000 
        0.00000000        0.00000000        0.00000000        0.00000000        0.00000000 
        0.00000000        0.00000000        0.00000000        0.00000000        0.00000000 
        0.00000000        0.00000011        0.00000012        0.00000000        0.00000000 
        0.00000000        0.00000016        0.00000017        0.00000000        0.00000000 
        0.00000003        0.00000026        0.00000023        0.00000000        0.00000000 
        0.00000001        0.00000030        0.00000034        0.00000004        0.00000000 
        0.00000001        0.00000037        0.00000043        0.00000007        0.00000000 
        0.00000004        0.00000050        0.00000057        0.00000010        0.00000000 
        0.00000005        0.00000060        0.00000071        0.00000014        0.00000000 
        0.00000006        0.00000073        0.00000087        0.00000022        0.00000003 
        0.00000011        0.00000090        0.00000105        0.00000030        0.00000005 
        0.00000016        0.00000109        0.00000126        0.00000039        0.00000008 
        0.00000019        0.00000126        0.00000148        0.00000049        0.00000011 
        0.00000024        0.00000149        0.00000174        0.00000061        0.00000014 
        0.00000031        0.00000173        0.00000202        0.00000075        0.00000019 
        0.00000036        0.00000199        0.00000232        0.00000090        0.00000024 
        0.00000043        0.00000229        0.00000268        0.00000107        0.00000029 
        0.00000052        0.00000263        0.00000306        0.00000125        0.00000034 
        0.00000062        0.00000299        0.00000348        0.00000145        0.00000040 
        0.00000071        0.00000339        0.00000394        0.00000166        0.00000047 
        0.00000082        0.00000384        0.00000445        0.00000190        0.00000054 
        0.00000094        0.00000433        0.00000501        0.00000216        0.00000061 
        0.00000107        0.00000486        0.00000561        0.00000244        0.00000070 
        0.00000122        0.00000545        0.00000629        0.00000276        0.00000079 
        0.00000139        0.00000610        0.00000702        0.00000310        0.00000089 
        0.00000156        0.00000680        0.00000783        0.00000348        0.00000100 
        0.00000175        0.00000758        0.00000872        0.00000389        0.00000112 
        0.00000197        0.00000844        0.00000969        0.00000434        0.00000126 
        0.00000220        0.00000937        0.00001075        0.00000483        0.00000140 
        0.00000246        0.00001039        0.00001192        0.00000538        0.00000156 
        0.00000274        0.00001151        0.00001320        0.00000597        0.00000174 
        0.00000304        0.00001274        0.00001460        0.00000663        0.00000193 
        0.00000338        0.00001409        0.00001614        0.00000734        0.00000215 
        0.00000375        0.00001556        0.00001782        0.00000813        0.00000238 
        0.00000415        0.00001717        0.00001966        0.00000899        0.00000264 
        0.00000459        0.00001894        0.00002168        0.00000994        0.00000292 
        0.00000507        0.00002087        0.00002389        0.00001098        0.00000322 
        0.00000560        0.00002297        0.00002630        0.00001211        0.00000356 
        0.00000618        0.00002528        0.00002894        0.00001335        0.00000393 
        0.00000681        0.00002780        0.00003183        0.00001472        0.00000434 
        0.00000750        0.00003056        0.00003498        0.00001620        0.00000478 
        0.00000826        0.00003356        0.00003842        0.00001783        0.00000526 
        0.00000909        0.00003685        0.00004217        0.00001961        0.00000580 
        0.00001000        0.00004042        0.00004627        0.00002155        0.00000638 
        0.00001099        0.00004432        0.00005073        0.00002368        0.00000701 
        0.00001207        0.00004857        0.00005559        0.00002599        0.00000770 
        0.00001325        0.00005320        0.00006088        0.00002852        0.00000846 
        0.00001454        0.00005824        0.00006664        0.00003128        0.00000929 
        0.00001595        0.00006371        0.00007290        0.00003428        0.00001019 
        0.00001748        0.00006967        0.00007972        0.00003755        0.00001117 
        0.00001915        0.00007614        0.00008711        0.00004111        0.00001224 
        0.00002096        0.00008317        0.00009515        0.00004499        0.00001340 
        0.00002294        0.00009080        0.00010387        0.00004920        0.00001467 
        0.00002509        0.00009907        0.00011332        0.00005378        0.00001605 
        0.00002742        0.00010804        0.00012357        0.00005875        0.00001755 
        0.00002996        0.00011775        0.00013467        0.00006414        0.00001918 
        0.00003271        0.00012827        0.00014670        0.00006999        0.00002095 
        0.00003570        0.00013966        0.00015970        0.00007634        0.00002287 
        0.00003894        0.00015198        0.00017377        0.00008321        0.00002495 
        0.00004245        0.00016529        0.00018898        0.00009066        0.00002720 
        0.00004625        0.00017967        0.00020541        0.00009871        0.00002964 
        0.00005036        0.00019520        0.00022314        0.00010743        0.00003229 
        0.00005481        0.00021196        0.00024227        0.00011685        0.00003515 
        0.00005963        0.00023003        0.00026291        0.00012702        0.00003825 
        0.00006482        0.00024951        0.00028515        0.00013801        0.00004159 
        0.00007044        0.00027050        0.00030910        0.00014987        0.00004520 
        0.00007650        0.00029309        0.00033488        0.00016266        0.00004910 
        0.00008303        0.00031740        0.00036262        0.00017644        0.00005331 
        0.00009008        0.00034354        0.00039245        0.00019129        0.00005784 
        0.00009767        0.00037163        0.00042450        0.00020728        0.00006273 
        0.00010584        0.00040181        0.00045893        0.00022448        0.00006799 
        0.00011463        0.00043421        0.00049588        0.00024297        0.00007366 
        0.00012409        0.00046897        0.00053552        0.00026285        0.00007975 
        0.00013425        0.00050623        0.00057802        0.00028420        0.00008630 
        0.00014517        0.00054617        0.00062355        0.00030712        0.00009334 
        0.00015690        0.00058895        0.00067231        0.00033171        0.00010090 
        0.00016948        0.00063473        0.00072450        0.00035808        0.00010901 
        0.00018297        0.00068371        0.00078033        0.00038633        0.00011771 
        0.00019742        0.00073608        0.00084000        0.00041659        0.00012703 
        0.00021290        0.00079203        0.00090375        0.00044897        0.00013702 
        0.00022948        0.00085178        0.00097183        0.00048362        0.00014771 
        0.00024721        0.00091555        0.00104447        0.00052065        0.00015915 
        0.00026616        0.00098357        0.00112194        0.00056022        0.00017139 
        0.00028642        0.00105608        0.00120451        0.00060247        0.00018446 
        0.00030805        0.00113333        0.00129248        0.00064756        0.00019843 
        0.00033114        0.00121558        0.00138612        0.00069565        0.00021334 
        0.00035576        0.00130311        0.00148576        0.00074691        0.00022924 
        0.00038202        0.00139620        0.00159171        0.00080152        0.00024620 
        0.00040998        0.00149514        0.00170430        0.00085966        0.00026426 
        0.00043976        0.00160024        0.00182389        0.00092151        0.00028351 
        0.00047145        0.00171181        0.00195083        0.00098729        0.00030398 
        0.00050514        0.00183018        0.00208549        0.00105720        0.00032577 
        0.00054096        0.00195571        0.00222826        0.00113144        0.00034892 
        0.00057900        0.00208873        0.00237953        0.00121026        0.00037352 
        0.00061939        0.00222961        0.00253972        0.00129386        0.00039964 
        0.00066223        0.00237873        0.00270925        0.00138250        0.00042735 
        0.00070766        0.00253647        0.00288856        0.00147643        0.00045674 
        0.00075580        0.00270323        0.00307810        0.00157588        0.00048788 
        0.00080677        0.00287943        0.00327833        0.00168114        0.00052087 
        0.00086007        0.00306357        0.00348763        0.00179117        0.00055532 
        0.00091690        0.00325913        0.00370930        0.00190754        0.00059178 
        0.00097709        0.00346596        0.00394457        0.00203194        0.00063078 
        0.00104076        0.00368406        0.00419226        0.00216303        0.00067199 
        0.00110798        0.00391381        0.00445317        0.00230134        0.00071551 
        0.00117889        0.00415570        0.00472780        0.00244718        0.00076143 
        0.00125369        0.00441020        0.00501671        0.00260088        0.00080987 
        0.00133252        0.00467781        0.00532045        0.00276276        0.00086092 
        0.00141555        0.00495904        0.00563961        0.00293315        0.00091471 
        0.00150296        0.00525440        0.00597474        0.00311239        0.00097133 
        0.00159492        0.00556440        0.00632643        0.00330083        0.00103091 
        0.00169160        0.00588958        0.00669529        0.00349881        0.00109356 
        0.00179318        0.00623046        0.00708189        0.00370669        0.00115939 
        0.00189983        0.00658758        0.00748685        0.00392483        0.00122854 
        0.00201175        0.00696148        0.00791077        0.00415359        0.00130111 
        0.00212911        0.00735270        0.00835428        0.00439334        0.00137723 
        0.00225211        0.00776180        0.00881798        0.00464446        0.00145702 
        0.00238094        0.00818931        0.00930250        0.00490731        0.00154061 
        0.00251578        0.00863580        0.00980843        0.00518228        0.00162812 
        0.00265682        0.00910181        0.01033642        0.00546972        0.00171968 
        0.00280427        0.00958788        0.01088706        0.00577002        0.00181541 
        0.00295831        0.01009458        0.01146097        0.00608357        0.00191545 
        0.00311913        0.01062242        0.01205876        0.00641074        0.00201992 
        0.00328693        0.01117196        0.01268102        0.00675189        0.00212894 
        0.00346190        0.01174372        0.01332836        0.00710741        0.00224264 
        0.00364422        0.01233823        0.01400134        0.00747766        0.00236114 
        0.00383409        0.01295598        0.01470054        0.00786301        0.00248458 
        0.00403168        0.01359748        0.01542653        0.00826381        0.00261307 
        0.00423718        0.01426322        0.01617981        0.00868041        0.00274674 
        0.00445077        0.01495365        0.01696095        0.00911318        0.00288570 
        0.00467261        0.01566925        0.01777043        0.00956242        0.00303007 
        0.00490289        0.01641045        0.01860876        0.01002850        0.00317996 
        0.00514176        0.01717763        0.01947637        0.01051169        0.00333548 
        0.00538938        0.01797124        0.02037372        0.01101233        0.00349675 
        0.00564590        0.01879161        0.02130123        0.01153068        0.00366385 
        0.00591147        0.01963910        0.02225927        0.01206705        0.00383691 
        0.00618621        0.02051402        0.02324818        0.01262167        0.00401600 
        0.00647026        0.02141666        0.02426830        0.01319479        0.00420120 
        0.00676372        0.02234729        0.02531988        0.01378664        0.00439261 
        0.00706675        0.02330612        0.02640321        0.01439741        0.00459029 
        0.00737937        0.02429331        0.02751849        0.01502730        0.00479433 
        0.00770172        0.02530905        0.02866587        0.01567645        0.00500477 
        0.00803386        0.02635348        0.02984542        0.01634500        0.00522168 
        0.00837585        0.02742659        0.03105734        0.01703312        0.00544512 
        0.00872773        0.02852848        0.03230157        0.01774083        0.00567509 
        0.00908955        0.02965912        0.03357810        0.01846817        0.00591163 
        0.00946132        0.03081840        0.03488688        0.01921524        0.00615479 
        0.00984302        0.03200627        0.03622779        0.01998201        0.00640456 
        0.01023467        0.03322256        0.03760060        0.02076841        0.00666094 
        0.01063625        0.03446709        0.03900514        0.02157443        0.00692390 
        0.01104767        0.03573954        0.04044107        0.02239996        0.00719346 
        0.01146889        0.03703962        0.04190814        0.02324488        0.00746958 
        0.01189985        0.03836704        0.04340579        0.02410899        0.00775220 
        0.01234040        0.03972127        0.04493368        0.02499214        0.00804127 
        0.01279046        0.04110190        0.04649116        0.02589402        0.00833671 
        0.01324990        0.04250841        0.04807778        0.02681445        0.00863847 
        0.01371852        0.04394015        0.04969271        0.02775305        0.00894644 
        0.01419614        0.04539648        0.05133532        0.02870944        0.00926051 
        0.01468264        0.04687678        0.05300478        0.02968330        0.00958059 
        0.01517769        0.04838021        0.05470031        0.03067417        0.00990649 
        0.01568110        0.04990593        0.05642090        0.03168160        0.01023814 
        0.01619263        0.05145308        0.05816554        0.03270502        0.01057535 
        0.01671191        0.05302066        0.05993331        0.03374396        0.01091792 
        0.01723875        0.05460776        0.06172297        0.03479779        0.01126574 
        0.01777274        0.05621326        0.06353338        0.03586585        0.01161852 
        0.01831352        0.05783607        0.06536329        0.03694746        0.01197607 
        0.01886079        0.05947503        0.06721136        0.03804198        0.01233822 
        0.01941412        0.06112886        0.06907624        0.03914861        0.01270467 
        0.01997307        0.06279621        0.07095651        0.04026657        0.01307521 
        0.02053727        0.06447588        0.07285063        0.04139498        0.01344953 
        0.02110623        0.06616633        0.07475710        0.04253310        0.01382738 
        0.02167942        0.06786619        0.07667424        0.04367986        0.01420848 
        0.02225646        0.06957406        0.07860051        0.04483438        0.01459249 
        0.02283678        0.07128820        0.08053407        0.04599583        0.01497915 
        0.02341988        0.07300718        0.08247320        0.04716296        0.01536804 
        0.02400514        0.07472920        0.08441612        0.04833487        0.01575890 
        0.02459203        0.07645270        0.08636092        0.04951055        0.01615140 
        0.02518007        0.07817605        0.08830574        0.05068868        0.01654506 
        0.02576850        0.07989739        0.09024866        0.05186836        0.01693965 
        0.02635681        0.08161499        0.09218775        0.05304843        0.01733471 
        0.02694434        0.08332697        0.09412099        0.05422749        0.01772980 
        0.02753057        0.08503163        0.09604631        0.05540459        0.01812470 
        0.02811465        0.08672701        0.09796163        0.05657834        0.01851882 
        0.02869615        0.08841130        0.09986502        0.05774768        0.01891189 
        0.02927428        0.09008263        0.10175432        0.05891109        0.01930337 
        0.02984834        0.09173903        0.10362734        0.06006761        0.01969297 
        0.03041777        0.09337878        0.10548221        0.06121573        0.02008013 
        0.03098172        0.09499970        0.10731643        0.06235430        0.02046452 
        0.03153962        0.09659997        0.10912859        0.06348208        0.02084574 
        0.03209090        0.09817788        0.11091572        0.06459758        0.02122322 
        0.03263469        0.09973139        0.11267641        0.06569973        0.02159664 
        0.03317030        0.10125861        0.11440837        0.06678715        0.02196553 
        0.03369722        0.10275778        0.11610949        0.06785855        0.02232946 
        0.03421462        0.10422695        0.11777776        0.06891268        0.02268800 
        0.03472190        0.10566425        0.11941120        0.06994829        0.02304070 
        0.03521839        0.10706812        0.12100786        0.07096416        0.02338719 
        0.03570333        0.10843650        0.12256572        0.07195890        0.02372698 
        0.03617623        0.10976797        0.12408298        0.07293156        0.02405977 
        0.03663637        0.11106074        0.12555790        0.07388076        0.02438502 
        0.03708321        0.11231297        0.12698841        0.07480550        0.02470240 
        0.03751606        0.11352360        0.12837303        0.07570449        0.02501158 
        0.03793441        0.11469069        0.12970990        0.07657659        0.02531207 
        0.03833750        0.11581266        0.13099727        0.07742092        0.02560350 
        0.03872511        0.11688858        0.13223407        0.07823625        0.02588557 
        0.03909642        0.11791673        0.13341835        0.07902181        0.02615796 
        0.03945103        0.11889586        0.13454875        0.07977647        0.02642031 
        0.03978840        0.11982462        0.13562438        0.08049935        0.02667217 
        0.04010811        0.12070227        0.13664359        0.08118972        0.02691349 
        0.04040982        0.12152773        0.13760504        0.08184651        0.02714379 
        0.04069293        0.12229949        0.13850814        0.08246911        0.02736282 
        0.04095724        0.12301707        0.13935137        0.08305681        0.02757041 
        0.04120217        0.12367946        0.14013398        0.08360869        0.02776615 
        0.04142763        0.12428629        0.14085534        0.08412421        0.02794982 
        0.04163319        0.12483627        0.14151493        0.08460337        0.02812149 
        0.04181865        0.12532935        0.14211160        0.08504474        0.02828065 
        0.04198375        0.12576485        0.14264500        0.08544877        0.02842747 
        0.04212826        0.12614235        0.14311451        0.08581424        0.02856138 
        0.04225191        0.12646154        0.14352003        0.08614141        0.02868256 
        0.04235494        0.12672225        0.14386156        0.08642983        0.02879071 
        0.04243676        0.12692440        0.14413857        0.08667916        0.02888596 
        0.04249775        0.12706804        0.14435059        0.08688927        0.02896804 
        0.04253754        0.12715298        0.14449859        0.08706045        0.02903706 
        0.04255635        0.12717944        0.14458269        0.08719224        0.02909297 
        0.04255402        0.12714785        0.14460224        0.08728492        0.02913564 
        0.04253086        0.12705851        0.14455825        0.08733809        0.02916509 
        0.04248679        0.12691140        0.14445078        0.08735245        0.02918136 
        0.04242194        0.12670755        0.14428091        0.08732802        0.02918470 
        0.04233661        0.12644744        0.14404893        0.08726513        0.02917483 
        0.04223084        0.12613136        0.14375556        0.08716393        0.02915218 
        0.04210493        0.12576067        0.14340132        0.08702499        0.02911675 
        0.04195911        0.12533581        0.14298779        0.08684868        0.02906859 
        0.04179382        0.12485766        0.14251542        0.08663553        0.02900791 
        0.04160908        0.12432730        0.14198536        0.08638597        0.02893490 
        0.04140565        0.12374604        0.14139873        0.08610070        0.02884990 
        0.04118353        0.12311453        0.14075691        0.08578038        0.02875271 
        0.04094338        0.12243420        0.14006096        0.08542550        0.02864379 
        0.04068545        0.12170589        0.13931209        0.08503699        0.02852333 
        0.04041013        0.12093174        0.13851219        0.08461535        0.02839151 
        0.04011831        0.12011278        0.13766217        0.08416212        0.02824897 
        0.03981000        0.11925000        0.13676405        0.08367735        0.02809551 
        0.03948602        0.11834514        0.13581908        0.08316231        0.02793163 
        0.03914687        0.11739963        0.13482863        0.08261764        0.02775759 
        0.03879288        0.11641514        0.13379467        0.08204454        0.02757379 
        0.03842488        0.11539334        0.13271898        0.08144397        0.02738035 
        0.03804341        0.11433601        0.13160312        0.08081698        0.02717784 
        0.03764892        0.11324406        0.13044912        0.08016503        0.02696663 
        0.03724223        0.11211962        0.12925875        0.07948828        0.02674690 
        0.03682363        0.11096442        0.12803340        0.07878804        0.02651879 
        0.03639427        0.10977995        0.12677491        0.07806575        0.02628309 
        0.03595436        0.10856843        0.12548566        0.07732296        0.02604020 
        0.03550452        0.10733062        0.12416714        0.07655960        0.02579015 
        0.03504601        0.10606956        0.12282121        0.07577747        0.02553338 
        0.03457865        0.10478574        0.12144995        0.07497776        0.02527061 
        0.03410357        0.10348195        0.12005502        0.07416189        0.02500185 
        0.03362119        0.10215896        0.11863804        0.07332981        0.02472749 
        0.03313243        0.10081899        0.11720145        0.07248378        0.02444807 
        0.03263780        0.09946388        0.11574644        0.07162464        0.02416396 
        0.03213790        0.09809494        0.11427522        0.07075340        0.02387547 
        0.03163338        0.09671432        0.11278957        0.06987113        0.02358305 
        0.03112495        0.09532279        0.11129129        0.06897944        0.02328703 
        0.03061333        0.09392291        0.10978186        0.06807858        0.02298778 
        0.03009880        0.09251595        0.10826319        0.06717026        0.02268568 
        0.02958211        0.09110349        0.10673732        0.06625581        0.02238125 
        0.02906397        0.08968699        0.10520482        0.06533504        0.02207440 
        0.02854496        0.08826816        0.10366851        0.06441003        0.02176589 
        0.02802545        0.08684772        0.10212928        0.06348157        0.02145579 
        0.02750620        0.08542770        0.10058880        0.06255060        0.02114460 
        0.02698755        0.08400965        0.09904826        0.06161809        0.02083284 
        0.02647036        0.08259475        0.09750950        0.06068486        0.02052054 
        0.02595484        0.08118403        0.09597391        0.05975175        0.02020797 
        0.02544150        0.07977891        0.09444314        0.05882037        0.01989588 
        0.02493095        0.07838041        0.09291726        0.05789059        0.01958400 
        0.02442339        0.07698965        0.09139895        0.05696350        0.01927292 
        0.02391955        0.07560837        0.08988804        0.05604005        0.01896277 
        0.02341980        0.07423675        0.08838677        0.05512083        0.01865375 
        0.02292421        0.07287627        0.08689553        0.05420673        0.01834652 
        0.02243358        0.07152772        0.08541584        0.05329835        0.01804093 
        0.02194792        0.07019186        0.08394897        0.05239660        0.01773727 
        0.02146789        0.06887001        0.08249426        0.05150127        0.01743567 
        0.02099356        0.06756228        0.08105427        0.05061376        0.01713654 
        0.02052531        0.06626981        0.07962847        0.04973435        0.01684013 
        0.02006337        0.06499326        0.07821900        0.04886329        0.01654625 
        0.01960811        0.06373322        0.07682514        0.04800165        0.01625538 
        0.01915973        0.06249017        0.07544857        0.04714954        0.01596761 
        0.01871830        0.06126475        0.07408935        0.04630738        0.01568326 
        0.01828423        0.06005740        0.07274842        0.04547560        0.01540205 
        0.01785713        0.05886853        0.07142586        0.04465443        0.01512453 
        0.01743823        0.05769861        0.07012206        0.04384434        0.01485059 
        0.01702666        0.05654764        0.06883782        0.04304522        0.01458007 
        0.01662302        0.05541629        0.06757325        0.04225826        0.01431388 
        0.01622719        0.05430478        0.06632853        0.04148257        0.01405111 
        0.01583949        0.05321306        0.06510401        0.04071915        0.01379257 
        0.01545984        0.05214131        0.06390005        0.03996789        0.01353803 
        0.01508814        0.05108976        0.06271642        0.03922886        0.01328748 
        0.01472473        0.05005878        0.06155390        0.03850228        0.01304126 
        0.01436949        0.04904795        0.06041175        0.03778815        0.01279911 
        0.01402247        0.04805750        0.05929023        0.03708661        0.01256120 
        0.01368356        0.04708713        0.05818963        0.03639734        0.01232731 
        0.01335275        0.04613715        0.05711001        0.03572106        0.01209792 
        0.01303011        0.04520750        0.05605090        0.03505760        0.01187271 
        0.01271546        0.04429775        0.05501276        0.03440678        0.01165181 
        0.01240879        0.04340756        0.05399507        0.03376830        0.01143503 
        0.01211002        0.04253745        0.05299771        0.03314221        0.01122248 
        0.01181912        0.04168689        0.05202007        0.03252870        0.01101410 
        0.01153594        0.04085547        0.05106282        0.03192729        0.01080984 
        0.01126048        0.04004288        0.05012512        0.03133816        0.01060975 
        0.01099241        0.03924936        0.04920679        0.03076118        0.01041383 
        0.01073185        0.03847432        0.04830801        0.03019643        0.01022190 
        0.01047853        0.03771746        0.04742819        0.02964354        0.01003411 
        0.01023224        0.03697830        0.04656720        0.02910161        0.00984988 
        0.00999334        0.03625697        0.04572427        0.02857184        0.00966990 
        0.00976089        0.03555268        0.04489946        0.02805322        0.00949362 
        0.00953537        0.03486526        0.04409248        0.02754545        0.00932112 
        0.00931656        0.03419489        0.04330319        0.02704895        0.00915232 
        0.00910395        0.03354025        0.04253024        0.02656281        0.00898722 
        0.00889784        0.03290153        0.04177433        0.02608740        0.00882575 
        0.00869757        0.03227800        0.04103494        0.02562225        0.00866759 
        0.00850326        0.03166962        0.04031122        0.02516681        0.00851291 
        0.00831494        0.03107631        0.03960305        0.02472126        0.00836158 
        0.00813210        0.03049672        0.03891009        0.02428567        0.00821364 
        0.00795478        0.02993155        0.03823203        0.02385974        0.00806895 
        0.00778282        0.02937973        0.03756827        0.02344203        0.00792706 
        0.00761575        0.02884078        0.03691864        0.02303427        0.00778866 
        0.00745407        0.02831513        0.03628284        0.02263427        0.00765279 
        0.00729686        0.02780128        0.03566039        0.02224338        0.00752011 
        0.00714433        0.02729952        0.03505069        0.02186066        0.00739026 
        0.00699651        0.02680993        0.03445375        0.02148587        0.00726309 
        0.00685284        0.02633095        0.03386885        0.02111864        0.00713840 
        0.00671321        0.02586317        0.03329599        0.02075922        0.00701654 
        0.00657779        0.02540600        0.03273439        0.02040708        0.00689715 
        0.00644624        0.02495909        0.03218424        0.02006245        0.00678021 
        0.00631818        0.02452159        0.03164488        0.01972413        0.00666562 
        0.00619391        0.02409410        0.03111583        0.01939285        0.00655332 
        0.00607315        0.02367568        0.03059685        0.01906812        0.00644323 
        0.00595546        0.02326590        0.03008837        0.01874959        0.00633526 
        0.00584111        0.02286494        0.02958882        0.01843733        0.00622955 
        0.00572994        0.02247244        0.02909851        0.01813066        0.00612572 
        0.00562143        0.02208757        0.02861720        0.01783007        0.00602382 
        0.00551572        0.02171034        0.02814484        0.01753509        0.00592414 
        0.00541279        0.02134073        0.02768070        0.01724517        0.00582603 
        0.00531232        0.02097815        0.02722460        0.01696062        0.00572965 
        0.00521439        0.02062243        0.02677643        0.01668096        0.00563514 
        0.00511867        0.02027357        0.02633578        0.01640630        0.00554219 
        0.00502512        0.01993066        0.02590269        0.01613629        0.00545096 
        0.00493386        0.01959437        0.02547646        0.01587099        0.00536126 
        0.00484455        0.01926386        0.02505749        0.01561010        0.00527316 
        0.00475711        0.01893878        0.02464485        0.01535338        0.00518641 
        0.00467166        0.01861954        0.02423865        0.01510060        0.00510100 
        0.00458795        0.01830554        0.02383882        0.01485234        0.00501719 
        0.00450578        0.01799673        0.02344519        0.01460761        0.00493455 
        0.00442526        0.01769269        0.02305722        0.01436645        0.00485316 
        0.00434640        0.01739359        0.02267528        0.01412946        0.00477314 
        0.00426883        0.01709890        0.02229881        0.01389587        0.00469437 
        0.00419286        0.01680899        0.02192754        0.01366556        0.00461671 
        0.00411803        0.01652324        0.02156174        0.01343870        0.00454012 
        0.00404456        0.01624149        0.02120095        0.01321507        0.00446475 
        0.00397232        0.01596409        0.02084523        0.01299465        0.00439042 
        0.00390121        0.01569039        0.02049422        0.01277727        0.00431710 
        0.00383118        0.01542032        0.02014786        0.01256305        0.00424498 
        0.00376230        0.01515415        0.01980615        0.01235151        0.00417376 
        0.00369444        0.01489165        0.01946890        0.01214266        0.00410330 
        0.00362752        0.01463261        0.01913613        0.01193696        0.00403407 
        0.00356153        0.01437661        0.01880747        0.01173389        0.00396565 
        0.00349647        0.01412410        0.01848316        0.01153338        0.00389820 
        0.00343221        0.01387471        0.01816273        0.01133555        0.00383157 
        0.00336869        0.01362830        0.01784623        0.01113993        0.00376570 
        0.00330611        0.01338512        0.01753366        0.01094687        0.00370067 
        0.00324431        0.01314485        0.01722509        0.01075631        0.00363651 
        0.00318323        0.01290756        0.01692021        0.01056820        0.00357324 
        0.00312284        0.01267296        0.01661915        0.01038229        0.00351071 
        0.00306310        0.01244116        0.01632154        0.01019865        0.00344890 
        0.00300424        0.01221231        0.01602763        0.01001734        0.00338787 
        0.00294578        0.01198593        0.01573724        0.00983807        0.00332756 
        0.00288810        0.01176211        0.01545012        0.00966108        0.00326803 
        0.00283100        0.01154095        0.01516658        0.00948614        0.00320917 
        0.00277461        0.01132250        0.01488644        0.00931346        0.00315103 
        0.00271878        0.01110634        0.01460934        0.00914264        0.00309357 
        0.00266351        0.01089266        0.01433590        0.00897405        0.00303687 
        0.00260875        0.01068136        0.01406521        0.00880730        0.00298087 
        0.00255463        0.01047266        0.01379794        0.00864261        0.00292550 
        0.00250101        0.01026616        0.01353380        0.00847977        0.00287065 
        0.00244796        0.01006204        0.01327270        0.00831878        0.00281654 
        0.00239554        0.00986043        0.01301491        0.00816008        0.00276315 
        0.00234364        0.00966102        0.01276013        0.00800288        0.00271028 
        0.00229220        0.00946376        0.01250839        0.00784782        0.00265814 
        0.00224131        0.00926885        0.01225948        0.00769451        0.00260659 
        0.00219086        0.00907615        0.01201373        0.00754297        0.00255561 
        0.00214097        0.00888568        0.01177055        0.00739333        0.00250532 
        0.00209147        0.00869718        0.01153061        0.00724542        0.00245558 
        0.00204273        0.00851113        0.01129365        0.00709933        0.00240639 
        0.00199428        0.00832731        0.01105964        0.00695509        0.00235792 
        0.00194651        0.00814539        0.01082808        0.00681260        0.00230999 
        0.00189911        0.00796574        0.01059952        0.00667167        0.00226261 
        0.00185226        0.00778836        0.01037365        0.00653249        0.00221580 
        0.00180584        0.00761276        0.01015082        0.00639510        0.00216959 
        0.00176004        0.00743949        0.00993061        0.00625956        0.00212395 
        0.00171460        0.00726840        0.00971311        0.00612539        0.00207888 
        0.00166973        0.00709924        0.00949848        0.00599313        0.00203435 
        0.00162521        0.00693196        0.00928655        0.00586241        0.00199039 
        0.00158140        0.00676709        0.00907725        0.00573352        0.00194708 
        0.00153789        0.00660399        0.00887066        0.00560617        0.00190420 
        0.00149505        0.00644317        0.00866675        0.00548053        0.00186194 
        0.00145255        0.00628403        0.00846529        0.00535628        0.00182013 
        0.00141056        0.00612724        0.00826681        0.00523385        0.00177895 
        0.00136913        0.00597239        0.00807080        0.00511289        0.00173829 
        0.00132814        0.00581941        0.00787720        0.00499356        0.00169808 
        0.00128758        0.00566843        0.00768635        0.00487590        0.00165853 
        0.00124760        0.00551945        0.00749806        0.00475967        0.00161944 
        0.00120813        0.00537246        0.00731221        0.00464499        0.00158083 
        0.00116909        0.00522733        0.00712901        0.00453192        0.00154281 
        0.00113063        0.00508440        0.00694820        0.00442049        0.00150530 
        0.00109243        0.00494310        0.00676987        0.00431031        0.00146821 
        0.00105487        0.00480381        0.00659412        0.00420183        0.00143169 
        0.00101770        0.00466651        0.00642067        0.00409487        0.00139569 
        0.00098117        0.00453117        0.00624996        0.00398931        0.00136012 
        0.00094497        0.00439742        0.00608131        0.00388527        0.00132510 
        0.00090928        0.00426579        0.00591525        0.00378275        0.00129057 
        0.00087416        0.00413594        0.00575167        0.00368169        0.00125656 
        0.00083950        0.00400800        0.00559014        0.00358194        0.00122300 
        0.00080521        0.00388175        0.00543121        0.00348374        0.00118989 
        0.00077151        0.00375742        0.00527459        0.00338697        0.00115733 
        0.00073822        0.00363496        0.00512010        0.00329152        0.00112516 
        0.00070542        0.00351417        0.00496808        0.00319764        0.00109355 
        0.00067309        0.00339541        0.00481832        0.00310493        0.00106233 
        0.00064121        0.00327823        0.00467071        0.00301388        0.00103165 
        0.00060973        0.00316280        0.00452545        0.00292385        0.00100134 
        0.00057887        0.00304925        0.00438243        0.00283545        0.00097154 
        0.00054835        0.00293730        0.00424159        0.00274840        0.00094220 
        0.00051837        0.00282727        0.00410283        0.00266248        0.00091328 
        0.00048879        0.00271876        0.00396633        0.00257805        0.00088480 
        0.00045969        0.00261199        0.00383180        0.00249469        0.00085673 
        0.00043102        0.00250691        0.00369942        0.00241292        0.00082920 
        0.00040278        0.00240347        0.00356942        0.00233233        0.00080201 
        0.00037502        0.00230174        0.00344115        0.00225306        0.00077532 
        0.00034773        0.00220171        0.00331506        0.00217497        0.00074898 
        0.00032084        0.00210315        0.00319116        0.00209813        0.00072305 
        0.00029439        0.00200623        0.00306909        0.00202262        0.00069763 
        0.00026838        0.00191097        0.00294904        0.00194821        0.00067250 
        0.00024281        0.00181729        0.00283107        0.00187510        0.00064789 
        0.00021767        0.00172517        0.00271501        0.00180316        0.00062360 
        0.00019303        0.00163472        0.00260094        0.00173248        0.00059980 
        0.00016868        0.00154564        0.00248875        0.00166288        0.00057627 
        0.00014483        0.00145809        0.00237837        0.00159448        0.00055324 
        0.00012138        0.00137207        0.00227010        0.00152732        0.00053061 
        0.00009833        0.00128761        0.00216353        0.00146113        0.00050824 
        0.00007577        0.00120470        0.00205883        0.00139618        0.00048631 
        0.00005349        0.00112304        0.00195581        0.00133227        0.00046480 
        0.00003167        0.00104296        0.00185482        0.00126949        0.00044356 
        0.00001030        0.00096433        0.00175555        0.00120783        0.00042274 
       -0.00001073        0.00088711        0.00165796        0.00114721        0.00040231 
       -0.00003140        0.00081117        0.00156224        0.00108781        0.00038224 
       -0.00005164        0.00073682        0.00146821        0.00102937        0.00036251 
       -0.00007150        0.00066370        0.00137584        0.00097190        0.00034310 
       -0.00009099        0.00059190        0.00128525        0.00091563        0.00032412 
       -0.00011007        0.00052159        0.00119624        0.00086024        0.00030540 
       -0.00012879        0.00045252        0.00110883        0.00080590        0.00028706 
       -0.00014713        0.00038485        0.00102307        0.00075249        0.00026900 
       -0.00016513        0.00031841        0.00093897        0.00070019        0.00025134 
       -0.00018278        0.00025323        0.00085640        0.00064880        0.00023398 
       -0.00020006        0.00018930        0.00077543        0.00059837        0.00021693 
       -0.00021698        0.00012666        0.00069614        0.00054899        0.00020027 
       -0.00023352        0.00006524        0.00061814        0.00050040        0.00018383 
       -0.00024976        0.00000513        0.00054184        0.00045282        0.00016775 
       -0.00026566       -0.00005387        0.00046693        0.00040613        0.00015198 
       -0.00028120       -0.00011168        0.00039355        0.00036035        0.00013646 
       -0.00029641       -0.00016826        0.00032157        0.00031544        0.00012129 
       -0.00031121       -0.00022364        0.00025100        0.00027144        0.00010645 
       -0.00032578       -0.00027786        0.00018191        0.00022835        0.00009183 
       -0.00034001       -0.00033107        0.00011425        0.00018606        0.00007755 
       -0.00035392       -0.00038311        0.00004786        0.00014463        0.00006353 
       -0.00036751       -0.00043401       -0.00001711        0.00010403        0.00004978 
       -0.00038081       -0.00048390       -0.00008070        0.00006425        0.00003635 
       -0.00039381       -0.00053272       -0.00014293        0.00002538        0.00002318 
       -0.00040647       -0.00058036       -0.00020392       -0.00001281        0.00001024 
       -0.00041880       -0.00062698       -0.00026362       -0.00005013       -0.00000240 
       -0.00043090       -0.00067264       -0.00032198       -0.00008672       -0.00001480 
       -0.00044270       -0.00071724       -0.00037917       -0.00012255       -0.00002691 
       -0.00045417       -0.00076079       -0.00043508       -0.00015755       -0.00003877 
       -0.00046539       -0.00080341       -0.00048976       -0.00019182       -0.00005041 
       -0.00047632       -0.00084503       -0.00054325       -0.00022534       -0.00006174 
       -0.00048698       -0.00088562       -0.00059555       -0.00025818       -0.00007283 
       -0.00049733       -0.00092529       -0.00064674       -0.00029024       -0.00008371 
       -0.00050744       -0.00096413       -0.00069663       -0.00032163       -0.00009436 
       -0.00051729       -0.00100192       -0.00074551       -0.00035223       -0.00010476 
       -0.00052685       -0.00103882       -0.00079317       -0.00038220       -0.00011490 
       -0.00053617       -0.00107481       -0.00083981       -0.00041154       -0.00012487 
       -0.00054521       -0.00110999       -0.00088529       -0.00044012       -0.00013455 
       -0.00055405       -0.00114423       -0.00092970       -0.00046812       -0.00014405 
       -0.00056258       -0.00117762       -0.00097314       -0.00049542       -0.00015331 
       -0.00057091       -0.00121015       -0.00101539       -0.00052209       -0.00016237 
       -0.00057900       -0.00124185       -0.00105672       -0.00054812       -0.00017121 
       -0.00058680       -0.00127269       -0.00109710       -0.00057355       -0.00017984 
       -0.00059445       -0.00130282       -0.00113636       -0.00059834       -0.00018827 
       -0.00060181       -0.00133204       -0.00117468       -0.00062257       -0.00019646 
       -0.00060895       -0.00136049       -0.00121197       -0.00064611       -0.00020449 
       -0.00061587       -0.00138824       -0.00124842       -0.00066917       -0.00021235 
       -0.00062261       -0.00141516       -0.00128382       -0.00069155       -0.00021995 
       -0.00062907       -0.00144134       -0.00131837       -0.00071345       -0.00022739 
       -0.00063536       -0.00146685       -0.00135200       -0.00073475       -0.00023465 
       -0.00064143       -0.00149156       -0.00138474       -0.00075553       -0.00024171 
       -0.00064730       -0.00151555       -0.00141653       -0.00077572       -0.00024859 
       -0.00065295       -0.00153883       -0.00144755       -0.00079539       -0.00025528 
       -0.00065842       -0.00156146       -0.00147758       -0.00081447       -0.00026178 
       -0.00066368       -0.00158340       -0.00150689       -0.00083313       -0.00026814 
       -0.00066873       -0.00160463       -0.00153538       -0.00085133       -0.00027435 
       -0.00067362       -0.00162520       -0.00156298       -0.00086887       -0.00028032 
       -0.00067831       -0.00164517       -0.00158984       -0.00088601       -0.00028616 
       -0.00068280       -0.00166443       -0.00161585       -0.00090264       -0.00029184 
       -0.00068715       -0.00168312       -0.00164109       -0.00091878       -0.00029735 
       -0.00069129       -0.00170118       -0.00166572       -0.00093454       -0.00030274 
       -0.00069525       -0.00171857       -0.00168933       -0.00094967       -0.00030791 
       -0.00069907       -0.00173543       -0.00171241       -0.00096447       -0.00031297 
       -0.00070267       -0.00175167       -0.00173470       -0.00097878       -0.00031786 
       -0.00070614       -0.00176737       -0.00175622       -0.00099263       -0.00032260 
       -0.00070944       -0.00178243       -0.00177719       -0.00100612       -0.00032721 
       -0.00071259       -0.00179703       -0.00179735       -0.00101911       -0.00033167 
       -0.00071555       -0.00181098       -0.00181681       -0.00103171       -0.00033599 
       -0.00071838       -0.00182445       -0.00183570       -0.00104391       -0.00034015 
       -0.00072104       -0.00183735       -0.00185391       -0.00105570       -0.00034420 
       -0.00072357       -0.00184976       -0.00187142       -0.00106709       -0.00034812 
       -0.00072594       -0.00186161       -0.00188837       -0.00107808       -0.00035189 
       -0.00072815       -0.00187302       -0.00190462       -0.00108869       -0.00035554 
       -0.00073025       -0.00188390       -0.00192034       -0.00109895       -0.00035908 
       -0.00073221       -0.00189431       -0.00193541       -0.00110875       -0.00036244 
       -0.00073401       -0.00190422       -0.00194989       -0.00111824       -0.00036572 
       -0.00073572       -0.00191370       -0.00196380       -0.00112739       -0.00036887 
       -0.00073725       -0.00192270       -0.00197713       -0.00113615       -0.00037189 
       -0.00073864       -0.00193120       -0.00198993       -0.00114459       -0.00037481 
       -0.00073996       -0.00193934       -0.00200216       -0.00115272       -0.00037762 
       -0.00074114       -0.00194703       -0.00201389       -0.00116049       -0.00038030 
       -0.00074216       -0.00195424       -0.00202502       -0.00116790       -0.00038287 
       -0.00074308       -0.00196104       -0.00203571       -0.00117505       -0.00038534 
       -0.00074390       -0.00196746       -0.00204585       -0.00118185       -0.00038769 
       -0.00074458       -0.00197347       -0.00205550       -0.00118836       -0.00038997 
       -0.00074518       -0.00197907       -0.00206462       -0.00119452       -0.00039211 
       -0.00074565       -0.00198434       -0.00207330       -0.00120043       -0.00039417 
       -0.00074600       -0.00198913       -0.00208150       -0.00120600       -0.00039611 
       -0.00074624       -0.00199358       -0.00208924       -0.00121133       -0.00039800 
       -0.00074641       -0.00199772       -0.00209653       -0.00121637       -0.00039976 
       -0.00074646       -0.00200147       -0.00210336       -0.00122114       -0.00040145 
       -0.00074641       -0.00200484       -0.00210976       -0.00122560       -0.00040301 
       -0.00074627       -0.00200789       -0.00211574       -0.00122981       -0.00040450 
       -0.00074603       -0.00201061       -0.00212128       -0.00123376       -0.00040588 
       -0.00074570       -0.00201299       -0.00212643       -0.00123746       -0.00040721 
       -0.00074527       -0.00201506       -0.00213116       -0.00124091       -0.00040844 
       -0.00074474       -0.00201674       -0.00213551       -0.00124411       -0.00040959 
       -0.00074413       -0.00201821       -0.00213947       -0.00124706       -0.00041064 
       -0.00074346       -0.00201935       -0.00214304       -0.00124979       -0.00041164 
       -0.00074267       -0.00202016       -0.00214622       -0.00125226       -0.00041254 
       -0.00074180       -0.00202066       -0.00214909       -0.00125454       -0.00041338 
       -0.00074088       -0.00202093       -0.00215152       -0.00125659       -0.00041413 
       -0.00073986       -0.00202088       -0.00215368       -0.00125838       -0.00041480 
       -0.00073877       -0.00202056       -0.00215546       -0.00126002       -0.00041541 
       -0.00073761       -0.00202001       -0.00215690       -0.00126144       -0.00041597 
       -0.00073636       -0.00201913       -0.00215805       -0.00126263       -0.00041644 
       -0.00073504       -0.00201806       -0.00215884       -0.00126364       -0.00041684 
       -0.00073367       -0.00201670       -0.00215934       -0.00126444       -0.00041718 
       -0.00073223       -0.00201514       -0.00215953       -0.00126505       -0.00041744 
       -0.00073071       -0.00201330       -0.00215940       -0.00126550       -0.00041766 
       -0.00072914       -0.00201124       -0.00215896       -0.00126569       -0.00041779 
       -0.00072750       -0.00200895       -0.00215829       -0.00126574       -0.00041786 
       -0.00072580       -0.00200646       -0.00215730       -0.00126567       -0.00041791 
       -0.00072403       -0.00200371       -0.00215602       -0.00126534       -0.00041786 
       -0.00072220       -0.00200075       -0.00215451       -0.00126491       -0.00041779 
       -0.00072033       -0.00199761       -0.00215269       -0.00126427       -0.00041763 
       -0.00071839       -0.00199427       -0.00215067       -0.00126352       -0.00041745 
       -0.00071640       -0.00199071       -0.00214837       -0.00126257       -0.00041718 
       -0.00071435       -0.00198693       -0.00214582       -0.00126147       -0.00041687 
       -0.00071227       -0.00198303       -0.00214304       -0.00126021       -0.00041651 
       -0.00071013       -0.00197890       -0.00214000       -0.00125882       -0.00041611 
       -0.00070794       -0.00197459       -0.00213679       -0.00125732       -0.00041566 
       -0.00070569       -0.00197011       -0.00213332       -0.00125563       -0.00041516 
       -0.00070341       -0.00196546       -0.00212966       -0.00125384       -0.00041460 
       -0.00070108       -0.00196063       -0.00212572       -0.00125189       -0.00041402 
       -0.00069870       -0.00195567       -0.00212160       -0.00124981       -0.00041338 
       -0.00069629       -0.00195054       -0.00211728       -0.00124763       -0.00041270 
       -0.00069382       -0.00194523       -0.00211280       -0.00124530       -0.00041198 
       -0.00069134       -0.00193980       -0.00210809       -0.00124285       -0.00041122 
       -0.00068881       -0.00193424       -0.00210322       -0.00124028       -0.00041041 
       -0.00068624       -0.00192850       -0.00209815       -0.00123762       -0.00040957 
       -0.00068363       -0.00192264       -0.00209292       -0.00123483       -0.00040869 
       -0.00068099       -0.00191665       -0.00208749       -0.00123193       -0.00040777 
       -0.00067830       -0.00191052       -0.00208190       -0.00122892       -0.00040681 
       -0.00067560       -0.00190428       -0.00207615       -0.00122581       -0.00040582 
       -0.00067287       -0.00189791       -0.00207024       -0.00122260       -0.00040480 
       -0.00067009       -0.00189140       -0.00206420       -0.00121929       -0.00040374 
       -0.00066729       -0.00188479       -0.00205797       -0.00121591       -0.00040266 
       -0.00066445       -0.00187807       -0.00205162       -0.00121240       -0.00040154 
       -0.00066161       -0.00187125       -0.00204512       -0.00120883       -0.00040039 
       -0.00065873       -0.00186432       -0.00203849       -0.00120517       -0.00039921 
       -0.00065582       -0.00185728       -0.00203170       -0.00120139       -0.00039799 
       -0.00065288       -0.00185014       -0.00202480       -0.00119755       -0.00039675 
       -0.00064992       -0.00184289       -0.00201776       -0.00119364       -0.00039549 
       -0.00064693       -0.00183556       -0.00201062       -0.00118963       -0.00039420 
       -0.00064394       -0.00182816       -0.00200333       -0.00118557       -0.00039288 
       -0.00064091       -0.00182064       -0.00199595       -0.00118141       -0.00039153 
       -0.00063787       -0.00181308       -0.00198845       -0.00117720       -0.00039017 
       -0.00063480       -0.00180540       -0.00198085       -0.00117292       -0.00038878 
       -0.00063173       -0.00179766       -0.00197312       -0.00116854       -0.00038736 
       -0.00062863       -0.00178985       -0.00196531       -0.00116413       -0.00038592 
