        0.00000000        0.00000000        0.00000000        0.00000000        0.00000000 
        0.00000000        0.00000000        0.00000000        0.00000000        0.00000000 
        0.00000000        0.00000000        0.00000000        0.00000000        0.00000000 
        0.00000000        0.00000000        0.00000000        0.00000000        0.00000000 
        0.00000000        0.00000000        0.00000000        0.00000000        0.00000000 
        0.00000000        0.00000000        0.00000000        0.00000000        0.00000000 
        0.00000000       -0.00000000        0.00000000        0.00000000        0.00000000 
       -0.00000000       -0.00000000        0.00000000        0.00000000        0.00000000 
       -0.00000000       -0.00000000        0.00000000        0.00000000        0.00000000 
        0.00000000       -0.00000000        0.00000000        0.00000000        0.00000000 
        0.00000000       -0.00000000        0.00000000        0.00000000        0.00000000 
        0.00000000       -0.00000000        0.00000000        0.00000000        0.00000000 
        0.00000000       -0.00000000        0.00000000        0.00000000        0.00000000 
        0.00000000       -0.00000000        0.00000000        0.00000000        0.00000000 
       -0.00000000       -0.00000000        0.00000000        0.00000000        0.00000000 
       -0.00000000       -0.00000000        0.00000000        0.00000000        0.00000000 
       -0.00000000       -0.00000000        0.00000000        0.00000000        0.00000000 
       -0.00000000       -0.00000000        0.00000000        0.00000000        0.00000000 
       -0.00000000       -0.00000000        0.00000000        0.00000000        0.00000000 
       -0.00000000       -0.00000000        0.00000000        0.00000000        0.00000000 
       -0.00000000       -0.00000000        0.00000000        0.00000000        0.00000000 
       -0.00000000       -0.00000000        0.00000000        0.00000000        0.00000000 
       -0.00000000       -0.00000000        0.00000000        0.00000000        0.00000000 
       -0.00000000       -0.00000000        0.00000000        0.00000000        0.00000000 
       -0.00000000       -0.00000000        0.00000000        0.00000000        0.00000000 
       -0.00000000       -0.00000000        0.00000000        0.00000000        0.00000000 
       -0.00000000       -0.00000000        0.00000000        0.00000000        0.00000000 
       -0.00000000       -0.00000000        0.00000000        0.00000000        0.00000000 
       -0.00000000       -0.00000000        0.00000000        0.00000000        0.00000000 
       -0.00000000       -0.00000000        0.00000000        0.00000000        0.00000000 
       -0.00000000       -0.00000000        0.00000000        0.00000000        0.00000000 
       -0.00000000       -0.00000000        0.00000000        0.00000000        0.00000000 
       -0.00000000       -0.00000000        0.00000000        0.00000000        0.00000000 
       -0.00000000       -0.00000000        0.00000000        0.00000000        0.00000000 
       -0.00000000       -0.00000000        0.00000000        0.00000000        0.00000000 
       -0.00000000       -0.00000000        0.00000000        0.00000000        0.00000000 
       -0.00000000       -0.00000000        0.00000000        0.00000000        0.00000000 
       -0.00000000       -0.00000000        0.00000000        0.00000000        0.00000000 
       -0.00000000       -0.00000000        0.00000000        0.00000000        0.00000000 
       -0.00000000       -0.00000000        0.00000000        0.00000000        0.00000000 
       -0.00000000       -0.00000000        0.00000000        0.00000000        0.00000000 
       -0.00000000       -0.00000000        0.00000000        0.00000000        0.00000000 
       -0.00000000       -0.00000000        0.00000000        0.00000000        0.00000000 
       -0.00000000       -0.00000000        0.00000000        0.00000000        0.00000000 
       -0.00000000       -0.00000000        0.00000000        0.00000000        0.00000000 
       -0.00000000       -0.00000000        0.00000000        0.00000000        0.00000000 
       -0.00000000       -0.00000000        0.00000000        0.00000000        0.00000000 
       -0.00000000       -0.00000000        0.00000000        0.00000000        0.00000000 
       -0.00000000       -0.00000000        0.00000000        0.00000000        0.00000000 
       -0.00000000       -0.00000000        0.00000000        0.00000000        0.00000000 
       -0.00000000       -0.00000000        0.00000000        0.00000000        0.00000000 
       -0.00000000       -0.00000000        0.00000000        0.00000000        0.00000000 
       -0.00000000       -0.00000000        0.00000000        0.00000000        0.00000000 
       -0.00000000       -0.00000000        0.00000000        0.00000000        0.00000000 
       -0.00000000       -0.00000000        0.00000000        0.00000000        0.00000000 
       -0.00000000       -0.00000000        0.00000000        0.00000000        0.00000000 
       -0.00000000       -0.00000000        0.00000000        0.00000000        0.00000000 
       -0.00000000       -0.00000000        0.00000000        0.00000000        0.00000000 
       -0.00000000       -0.00000000        0.00000000        0.00000000        0.00000000 
       -0.00000000       -0.00000000        0.00000000        0.00000000        0.00000000 
       -0.00000000       -0.00000000        0.00000000        0.00000000        0.00000000 
       -0.00000000       -0.00000000        0.00000000        0.00000000        0.00000000 
       -0.00000000       -0.00000000        0.00000000        0.00000001        0.00000000 
       -0.00000000        0.00000000        0.00000001        0.00000001        0.00000000 
       -0.00000000        0.00000000        0.00000001        0.00000001        0.00000000 
       -0.00000000        0.00000000        0.00000001        0.00000001        0.00000000 
       -0.00000000        0.00000000        0.00000001        0.00000001        0.00000000 
       -0.00000000        0.00000000        0.00000001        0.00000002        0.00000000 
       -0.00000000        0.00000000        0.00000002        0.00000002        0.00000000 
       -0.00000000        0.00000000        0.00000002        0.00000003        0.00000001 
       -0.00000000        0.00000000        0.00000002        0.00000003        0.00000001 
       -0.00000000        0.00000000        0.00000003        0.00000004        0.00000001 
       -0.00000000        0.00000000        0.00000004        0.00000005        0.00000001 
       -0.00000000        0.00000000        0.00000005        0.00000006        0.00000001 
       -0.00000000        0.00000000        0.00000006        0.00000007        0.00000001 
       -0.00000000        0.00000000        0.00000007        0.00000009        0.00000002 
       -0.00000000        0.00000000        0.00000008        0.00000011        0.00000002 
       -0.00000000        0.00000000        0.00000010        0.00000013        0.00000003 
       -0.00000000        0.00000000        0.00000013        0.00000016        0.00000003 
       -0.00000000        0.00000000        0.00000015        0.00000020        0.00000004 
       -0.00000000        0.00000000        0.00000019        0.00000024        0.00000005 
       -0.00000000        0.00000000        0.00000023        0.00000029        0.00000006 
       -0.00000000        0.00000000        0.00000028        0.00000035        0.00000008 
       -0.00000000        0.00000000        0.00000033        0.00000043        0.00000009 
       -0.00000000        0.00000001        0.00000040        0.00000052        0.00000011 
       -0.00000000        0.00000001        0.00000049        0.00000063        0.00000014 
       -0.00000000        0.00000001        0.00000059        0.00000075        0.00000016 
       -0.00000000        0.00000001        0.00000070        0.00000091        0.00000020 
       -0.00000000        0.00000002        0.00000085        0.00000109        0.00000024 
       -0.00000000        0.00000002        0.00000102        0.00000131        0.00000029 
       -0.00000000        0.00000003        0.00000122        0.00000157        0.00000035 
       -0.00000000        0.00000003        0.00000146        0.00000188        0.00000042 
       -0.00000000        0.00000004        0.00000174        0.00000225        0.00000051 
       -0.00000000        0.00000005        0.00000207        0.00000268        0.00000061 
       -0.00000000        0.00000006        0.00000247        0.00000319        0.00000073 
       -0.00000000        0.00000008        0.00000294        0.00000380        0.00000087 
       -0.00000000        0.00000010        0.00000349        0.00000451        0.00000104 
       -0.00000001        0.00000012        0.00000414        0.00000535        0.00000123 
       -0.00000001        0.00000015        0.00000490        0.00000634        0.00000147 
       -0.00000001        0.00000019        0.00000579        0.00000750        0.00000175 
       -0.00000001        0.00000021        0.00000681        0.00000883        0.00000206 
       -0.00000002        0.00000024        0.00000801        0.00001039        0.00000243 
       -0.00000002        0.00000030        0.00000943        0.00001223        0.00000288 
       -0.00000002        0.00000037        0.00001108        0.00001438        0.00000340 
       -0.00000002        0.00000045        0.00001301        0.00001688        0.00000401 
       -0.00000002        0.00000055        0.00001525        0.00001979        0.00000473 
       -0.00000002        0.00000067        0.00001785        0.00002316        0.00000556 
       -0.00000002        0.00000082        0.00002086        0.00002708        0.00000653 
       -0.00000002        0.00000099        0.00002434        0.00003160        0.00000766 
       -0.00000002        0.00000120        0.00002837        0.00003683        0.00000897 
       -0.00000001        0.00000145        0.00003301        0.00004286        0.00001048 
       -0.00000001        0.00000175        0.00003835        0.00004980        0.00001224 
        0.00000000        0.00000210        0.00004450        0.00005778        0.00001426 
        0.00000001        0.00000252        0.00005156        0.00006694        0.00001660 
        0.00000003        0.00000302        0.00005966        0.00007744        0.00001929 
        0.00000005        0.00000362        0.00006892        0.00008946        0.00002239 
        0.00000008        0.00000432        0.00007951        0.00010319        0.00002594 
        0.00000012        0.00000515        0.00009159        0.00011885        0.00003001 
        0.00000017        0.00000612        0.00010536        0.00013668        0.00003467 
        0.00000023        0.00000726        0.00012102        0.00015697        0.00003999 
        0.00000031        0.00000861        0.00013881        0.00018000        0.00004606 
        0.00000040        0.00001018        0.00015899        0.00020610        0.00005297 
        0.00000052        0.00001202        0.00018184        0.00023565        0.00006083 
        0.00000067        0.00001416        0.00020768        0.00026903        0.00006975 
        0.00000084        0.00001665        0.00023685        0.00030670        0.00007986 
        0.00000106        0.00001955        0.00026974        0.00034913        0.00009131 
        0.00000132        0.00002292        0.00030675        0.00039686        0.00010423 
        0.00000164        0.00002681        0.00034834        0.00045044        0.00011881 
        0.00000202        0.00003131        0.00039501        0.00051052        0.00013523 
        0.00000248        0.00003651        0.00044730        0.00057777        0.00015369 
        0.00000303        0.00004249        0.00050578        0.00065293        0.00017441 
        0.00000368        0.00004937        0.00057111        0.00073679        0.00019764 
        0.00000445        0.00005727        0.00064396        0.00083021        0.00022362 
        0.00000536        0.00006631        0.00072507        0.00093411        0.00025265 
        0.00000643        0.00007666        0.00081525        0.00104950        0.00028503 
        0.00000769        0.00008847        0.00091536        0.00117743        0.00032108 
        0.00000917        0.00010194        0.00102630        0.00131904        0.00036115 
        0.00001090        0.00011726        0.00114907        0.00147553        0.00040563 
        0.00001292        0.00013465        0.00128473        0.00164821        0.00045492 
        0.00001527        0.00015438        0.00143438        0.00183843        0.00050945 
        0.00001799        0.00017671        0.00159922        0.00204765        0.00056967 
        0.00002114        0.00020194        0.00178050        0.00227738        0.00063608 
        0.00002478        0.00023040        0.00197957        0.00252923        0.00070919 
        0.00002897        0.00026245        0.00219781        0.00280489        0.00078954 
        0.00003378        0.00029848        0.00243672        0.00310610        0.00087771 
        0.00003931        0.00033891        0.00269783        0.00343472        0.00097429 
        0.00004563        0.00038420        0.00298277        0.00379264        0.00107992 
        0.00005285        0.00043486        0.00329323        0.00418185        0.00119525 
        0.00006107        0.00049142        0.00363096        0.00460438        0.00132097 
        0.00007042        0.00055447        0.00399778        0.00506233        0.00145777 
        0.00008102        0.00062462        0.00439558        0.00555786        0.00160640 
        0.00009303        0.00070256        0.00482628        0.00609317        0.00176761 
        0.00010659        0.00078898        0.00529189        0.00667049        0.00194216 
        0.00012188        0.00088465        0.00579443        0.00729208        0.00213084 
        0.00013910        0.00099040        0.00633597        0.00796023        0.00233446 
        0.00015842        0.00110708        0.00691862        0.00867720        0.00255381 
        0.00018007        0.00123559        0.00754451        0.00944531        0.00278973 
        0.00020430        0.00137692        0.00821577        0.01026679        0.00304303 
        0.00023135        0.00153205        0.00893453        0.01114387        0.00331452 
        0.00026148        0.00170206        0.00970293        0.01207872        0.00360502 
        0.00029498        0.00188807        0.01052308        0.01307346        0.00391531 
        0.00033217        0.00209121        0.01139705        0.01413008        0.00424617 
        0.00037336        0.00231272        0.01232687        0.01525053        0.00459836 
        0.00041890        0.00255382        0.01331449        0.01643659        0.00497258 
        0.00046915        0.00281581        0.01436181        0.01768993        0.00536953 
        0.00052452        0.00310002        0.01547060        0.01901204        0.00578984 
        0.00058537        0.00340779        0.01664257        0.02040426        0.00623409 
        0.00065212        0.00374051        0.01787925        0.02186767        0.00670283 
        0.00072526        0.00409961        0.01918207        0.02340321        0.00719648 
        0.00080518        0.00448646        0.02055222        0.02501149        0.00771546 
        0.00089240        0.00490254        0.02199085        0.02669299        0.00826007 
        0.00098739        0.00534926        0.02349874        0.02844776        0.00883051 
        0.00109061        0.00582804        0.02507662        0.03027564        0.00942691 
        0.00120262        0.00634032        0.02672488        0.03217619        0.01004931 
        0.00132392        0.00688745        0.02844368        0.03414853        0.01069758 
        0.00145500        0.00747076        0.03023297        0.03619156        0.01137156 
        0.00159645        0.00809163        0.03209235        0.03830376        0.01207092 
        0.00174877        0.00875123        0.03402117        0.04048319        0.01279517 
        0.00191249        0.00945079        0.03601841        0.04272769        0.01354378 
        0.00208808        0.01019134        0.03808285        0.04503454        0.01431603 
        0.00227612        0.01097392        0.04021282        0.04740073        0.01511103 
        0.00247708        0.01179940        0.04240638        0.04982291        0.01592785 
        0.00269144        0.01266854        0.04466125        0.05229717        0.01676533 
        0.00291970        0.01358205        0.04697475        0.05481935        0.01762218 
        0.00316218        0.01454027        0.04934385        0.05738487        0.01849698 
        0.00341940        0.01554367        0.05176522        0.05998882        0.01938823 
        0.00369162        0.01659228        0.05423506        0.06262581        0.02029423 
        0.00397925        0.01768613        0.05674937        0.06529030        0.02121311 
        0.00428253        0.01882502        0.05930375        0.06797622        0.02214294 
        0.00460166        0.02000845        0.06189338        0.07067722        0.02308168 
        0.00493687        0.02123580        0.06451312        0.07338682        0.02402707 
        0.00528809        0.02250600        0.06715772        0.07609816        0.02497693 
        0.00565558        0.02381824        0.06982131        0.07880418        0.02592873 
        0.00603911        0.02517080        0.07249802        0.08149749        0.02687994 
        0.00643867        0.02656230        0.07518150        0.08417079        0.02782820 
        0.00685411        0.02799079        0.07786536        0.08681634        0.02877071 
        0.00728504        0.02945407        0.08054283        0.08942671        0.02970482 
        0.00773111        0.03094977        0.08320703        0.09199388        0.03062782 
        0.00819188        0.03247522        0.08585089        0.09451033        0.03153694 
        0.00866679        0.03402743        0.08846718        0.09696816        0.03242931 
        0.00915500        0.03560305        0.09104860        0.09935984        0.03330232 
        0.00965597        0.03719890        0.09358793        0.10167775        0.03415307 
        0.01016898        0.03881142        0.09607756        0.10391441        0.03497893 
        0.01069265        0.04043615        0.09851030        0.10606265        0.03577711 
        0.01122610        0.04206929        0.10087851        0.10811555        0.03654516 
        0.01176836        0.04370648        0.10317510        0.11006629        0.03728037 
        0.01231797        0.04534307        0.10539299        0.11190826        0.03798035 
        0.01287362        0.04697442        0.10752481        0.11363557        0.03864270 
        0.01343380        0.04859561        0.10956407        0.11524254        0.03926536 
        0.01399705        0.05020142        0.11150384        0.11672369        0.03984605 
        0.01456183        0.05178693        0.11333776        0.11807418        0.04038291 
        0.01512624        0.05334684        0.11505991        0.11928976        0.04087405 
        0.01568864        0.05487570        0.11666423        0.12036598        0.04131784 
        0.01624717        0.05636817        0.11814535        0.12129986        0.04171294 
        0.01679994        0.05781916        0.11949819        0.12208849        0.04205790 
        0.01734518        0.05922309        0.12071821        0.12272942        0.04235186 
        0.01788068        0.06057471        0.12180108        0.12322050        0.04259355 
        0.01840447        0.06186843        0.12274283        0.12356085        0.04278255 
        0.01891482        0.06309986        0.12353981        0.12374973        0.04291841 
        0.01940934        0.06426322        0.12418973        0.12378669        0.04300052 
        0.01988634        0.06535417        0.12468988        0.12367231        0.04302907 
        0.02034363        0.06636781        0.12503821        0.12340754        0.04300418 
        0.02077943        0.06729978        0.12523359        0.12299329        0.04292569 
        0.02119145        0.06814557        0.12527502        0.12243235        0.04279459 
        0.02157819        0.06890172        0.12516201        0.12172669        0.04261130 
        0.02193779        0.06956410        0.12489516        0.12087905        0.04237664 
        0.02226815        0.07012939        0.12447429        0.11989331        0.04209197 
        0.02256814        0.07059526        0.12390125        0.11877328        0.04175821 
        0.02283546        0.07095742        0.12317735        0.11752278        0.04137671 
        0.02306941        0.07121515        0.12230492        0.11614674        0.04094899 
        0.02326846        0.07136583        0.12128609        0.11464959        0.04047689 
        0.02343118        0.07140839        0.12012476        0.11303711        0.03996196 
        0.02355659        0.07134092        0.11882329        0.11131513        0.03940651 
        0.02364379        0.07116282        0.11738598        0.10948837        0.03881165 
        0.02369180        0.07087427        0.11581731        0.10756332        0.03817990 
        0.02370018        0.07047498        0.11412215        0.10554630        0.03751373 
        0.02366784        0.06996506        0.11230445        0.10344326        0.03681490 
        0.02359551        0.06934619        0.11036956        0.10126114        0.03608605 
        0.02348205        0.06861907        0.10832429        0.09900570        0.03532913 
        0.02332780        0.06778538        0.10617262        0.09668386        0.03454667 
        0.02313298        0.06684762        0.10392177        0.09430176        0.03374070 
        0.02289760        0.06580734        0.10157716        0.09186614        0.03291398 
        0.02262241        0.06466830        0.09914535        0.08938354        0.03206855 
        0.02230793        0.06343329        0.09663260        0.08686000        0.03120676 
        0.02195427        0.06210506        0.09404546        0.08430147        0.03033057 
        0.02156326        0.06068778        0.09139013        0.08171499        0.02944309 
        0.02113581        0.05918634        0.08867419        0.07910538        0.02854550 
        0.02067265        0.05760360        0.08590317        0.07647908        0.02764058 
        0.02017501        0.05594403        0.08308423        0.07384169        0.02673000 
        0.01964474        0.05421329        0.08022386        0.07119823        0.02581590 
        0.01908344        0.05241585        0.07732779        0.06855369        0.02490002 
        0.01849198        0.05055588        0.07440305        0.06591332        0.02398449 
        0.01787299        0.04863948        0.07145584        0.06328201        0.02307111 
        0.01722735        0.04667127        0.06849211        0.06066406        0.02216107 
        0.01655748        0.04465657        0.06551772        0.05806291        0.02125627 
        0.01586533        0.04260069        0.06253815        0.05548322        0.02035809 
        0.01515311        0.04050940        0.05955935        0.05292773        0.01946753 
        0.01442206        0.03838730        0.05658650        0.05040097        0.01858616 
        0.01367384        0.03623903        0.05362475        0.04790533        0.01771563 
        0.01291221        0.03407168        0.05067873        0.04544437        0.01685619 
        0.01213807        0.03188908        0.04775298        0.04301953        0.01600927 
        0.01135355        0.02969670        0.04485238        0.04063416        0.01517588 
        0.01056093        0.02749908        0.04198062        0.03828955        0.01435632 
        0.00976139        0.02530062        0.03914213        0.03598857        0.01355177 
        0.00895840        0.02310741        0.03633964        0.03373146        0.01276255 
        0.00815183        0.02092147        0.03357732        0.03152072        0.01198936 
        0.00734556        0.01874948        0.03085792        0.02935708        0.01123255 
        0.00654042        0.01659381        0.02818394        0.02724123        0.01049238 
        0.00573796        0.01445878        0.02555811        0.02517486        0.00976974 
        0.00494063        0.01234901        0.02298331        0.02315748        0.00906402 
        0.00414920        0.01026642        0.02046096        0.02119029        0.00837570 
        0.00336546        0.00821447        0.01799285        0.01927435        0.00770599 
        0.00259113        0.00619709        0.01558113        0.01740730        0.00705296 
        0.00182730        0.00421596        0.01322651        0.01559067        0.00641781 
        0.00107551        0.00227404        0.01092958        0.01382494        0.00580055 
        0.00033695        0.00037384        0.00869286        0.01210845        0.00520045 
       -0.00038832       -0.00148416        0.00651586        0.01044178        0.00461817 
       -0.00109774       -0.00329578        0.00439906        0.00882387        0.00405318 
       -0.00179130       -0.00506067        0.00234354        0.00725436        0.00350517 
       -0.00246859       -0.00677836        0.00034893        0.00573206        0.00297356 
       -0.00312835       -0.00844646       -0.00158477        0.00425708        0.00245869 
       -0.00376952       -0.01006389       -0.00345802        0.00282812        0.00196010 
       -0.00439239       -0.01163089       -0.00527084        0.00144446        0.00147754 
       -0.00499630       -0.01314676       -0.00702345        0.00010502        0.00101036 
       -0.00558043       -0.01461017       -0.00871682       -0.00119078        0.00055832 
       -0.00614488       -0.01602197       -0.01035213       -0.00244486        0.00012112 
       -0.00668985       -0.01738214       -0.01192951       -0.00365734       -0.00030142 
       -0.00721443       -0.01868987       -0.01344991       -0.00482976       -0.00071007 
       -0.00771910       -0.01994622       -0.01491392       -0.00596225       -0.00110435 
       -0.00820345       -0.02115166       -0.01632333       -0.00705719       -0.00148559 
       -0.00866818       -0.02230644       -0.01767993       -0.00811541       -0.00185400 
       -0.00911254       -0.02341092       -0.01898360       -0.00913751       -0.00221020 
       -0.00953722       -0.02446592       -0.02023590       -0.01012492       -0.00255394 
       -0.00994265       -0.02547264       -0.02143836       -0.01107776       -0.00288558 
       -0.01032901       -0.02643228       -0.02259207       -0.01199877       -0.00320596 
       -0.01069611       -0.02734578       -0.02369916       -0.01288855       -0.00351590 
       -0.01104492       -0.02821314       -0.02476001       -0.01374710       -0.00381428 
       -0.01137501       -0.02903628       -0.02577639       -0.01457715       -0.00410324 
       -0.01168787       -0.02981675       -0.02675033       -0.01537895       -0.00438249 
       -0.01198334       -0.03055489       -0.02768159       -0.01615274       -0.00465161 
       -0.01226151       -0.03125238       -0.02857411       -0.01690006       -0.00491166 
       -0.01252359       -0.03191054       -0.02942705       -0.01762295       -0.00516313 
       -0.01276952       -0.03253078       -0.03024280       -0.01832092       -0.00540602 
       -0.01299995       -0.03311396       -0.03102303       -0.01899552       -0.00564104 
       -0.01321602       -0.03366184       -0.03176785       -0.01964808       -0.00586802 
       -0.01341766       -0.03417611       -0.03248024       -0.02027917       -0.00608796 
       -0.01360524       -0.03465688       -0.03316069       -0.02088952       -0.00630057 
       -0.01377916       -0.03510606       -0.03381038       -0.02147985       -0.00650626 
       -0.01394111       -0.03552568       -0.03443050       -0.02205038       -0.00670511 
       -0.01408994       -0.03591573       -0.03502226       -0.02260411       -0.00689816 
       -0.01422727       -0.03627801       -0.03558815       -0.02313972       -0.00708473 
       -0.01435405       -0.03661501       -0.03612828       -0.02365887       -0.00726616 
       -0.01446921       -0.03692567       -0.03664362       -0.02416205       -0.00744158 
       -0.01457447       -0.03721285       -0.03713536       -0.02464914       -0.00761169 
       -0.01466948       -0.03747654       -0.03760588       -0.02512240       -0.00777715 
       -0.01475573       -0.03771913       -0.03805459       -0.02558148       -0.00793779 
       -0.01483285       -0.03794050       -0.03848326       -0.02602673       -0.00809336 
       -0.01490229       -0.03814316       -0.03889215       -0.02645969       -0.00824469 
       -0.01496297       -0.03832638       -0.03928399       -0.02688050       -0.00839186 
       -0.01501679       -0.03849280       -0.03965735       -0.02728975       -0.00853533 
       -0.01506305       -0.03864217       -0.04001498       -0.02768660       -0.00867403 
       -0.01510274       -0.03877592       -0.04035687       -0.02807355       -0.00881010 
       -0.01513642       -0.03889513       -0.04068422       -0.02845013       -0.00894207 
       -0.01516396       -0.03900027       -0.04099691       -0.02881706       -0.00907069 
       -0.01518553       -0.03909183       -0.04129636       -0.02917504       -0.00919664 
       -0.01520276       -0.03917229       -0.04158342       -0.02952349       -0.00931913 
       -0.01521450       -0.03924048       -0.04185867       -0.02986383       -0.00943869 
       -0.01522166       -0.03929794       -0.04212260       -0.03019559       -0.00955546 
       -0.01522464       -0.03934538       -0.04237556       -0.03051984       -0.00966984 
       -0.01522344       -0.03938305       -0.04261899       -0.03083682       -0.00978154 
       -0.01521873       -0.03941202       -0.04285264       -0.03114641       -0.00989068 
       -0.01521003       -0.03943217       -0.04307592       -0.03144920       -0.00999743 
       -0.01519853       -0.03944540       -0.04329216       -0.03174472       -0.01010185 
       -0.01518416       -0.03945124       -0.04350007       -0.03203428       -0.01020443 
       -0.01516718       -0.03945053       -0.04369938       -0.03231764       -0.01030439 
       -0.01514721       -0.03944337       -0.04389226       -0.03259575       -0.01040304 
       -0.01512486       -0.03943050       -0.04407847       -0.03286731       -0.01049900 
       -0.01510036       -0.03941226       -0.04425740       -0.03313386       -0.01059341 
       -0.01507401       -0.03938913       -0.04443061       -0.03339565       -0.01068640 
       -0.01504594       -0.03936160       -0.04459774       -0.03365088       -0.01077700 
       -0.01501608       -0.03932965       -0.04475939       -0.03390241       -0.01086622 
       -0.01498443       -0.03929389       -0.04491615       -0.03414893       -0.01095378 
       -0.01495165       -0.03925455       -0.04506779       -0.03439093       -0.01103979 
       -0.01491779       -0.03921247       -0.04521406       -0.03462815       -0.01112437 
       -0.01488233       -0.03916657       -0.04535592       -0.03486145       -0.01120734 
       -0.01484638       -0.03911853       -0.04549420       -0.03509092       -0.01128936 
       -0.01480907       -0.03906775       -0.04562747       -0.03531492       -0.01136893 
       -0.01477110       -0.03901482       -0.04575753       -0.03553581       -0.01144791 
       -0.01473224       -0.03895926       -0.04588330       -0.03575277       -0.01152569 
       -0.01469296       -0.03890264       -0.04600596       -0.03596544       -0.01160151 
       -0.01465309       -0.03884399       -0.04612470       -0.03617465       -0.01167643 
       -0.01461279       -0.03878367       -0.04624033       -0.03638113       -0.01175034 
       -0.01457167       -0.03872168       -0.04635262       -0.03658319       -0.01182252 
       -0.01453090       -0.03865921       -0.04646182       -0.03678131       -0.01189375 
       -0.01448900       -0.03859472       -0.04656851       -0.03697634       -0.01196390 
       -0.01444763       -0.03853023       -0.04667175       -0.03716779       -0.01203239 
       -0.01440555       -0.03846407       -0.04677236       -0.03735614       -0.01210028 
       -0.01436383       -0.03839779       -0.04687023       -0.03754079       -0.01216674 
       -0.01432157       -0.03833020       -0.04696524       -0.03772235       -0.01223159 
       -0.01427889       -0.03826153       -0.04705834       -0.03790021       -0.01229590 
       -0.01423681       -0.03819323       -0.04714835       -0.03807569       -0.01235932 
       -0.01419437       -0.03812420       -0.04723620       -0.03824747       -0.01242143 
       -0.01415247       -0.03805482       -0.04732120       -0.03841591       -0.01248223 
       -0.01410991       -0.03798473       -0.04740429       -0.03858185       -0.01254237 
       -0.01406777       -0.03791463       -0.04748487       -0.03874397       -0.01260108 
       -0.01402563       -0.03784406       -0.04756331       -0.03890312       -0.01265848 
       -0.01398343       -0.03777313       -0.04763949       -0.03905976       -0.01271534 
       -0.01394171       -0.03770208       -0.04771304       -0.03921270       -0.01277077 
       -0.01389951       -0.03763068       -0.04778469       -0.03936303       -0.01282591 
       -0.01385796       -0.03755927       -0.04785407       -0.03951001       -0.01287901 
       -0.01381642       -0.03748786       -0.04792142       -0.03965461       -0.01293170 
       -0.01377487       -0.03741610       -0.04798615       -0.03979516       -0.01298290 
       -0.01373380       -0.03734410       -0.04804885       -0.03993309       -0.01303339 
       -0.01369292       -0.03727293       -0.04811025       -0.04006875       -0.01308310 
       -0.01365191       -0.03720081       -0.04816830       -0.04020083       -0.01313156 
       -0.01361129       -0.03712869       -0.04822505       -0.04033017       -0.01317877 
       -0.01357087       -0.03705680       -0.04827929       -0.04045510       -0.01322466 
       -0.01353034       -0.03698450       -0.04833210       -0.04057908       -0.01327032 
       -0.01349026       -0.03691268       -0.04838228       -0.04069936       -0.01331455 
       -0.01345038       -0.03684056       -0.04843020       -0.04081655       -0.01335776 
       -0.01341072       -0.03676838       -0.04847658       -0.04093087       -0.01340026 
       -0.01337084       -0.03669560       -0.04851985       -0.04104257       -0.01344138 
       -0.01333159       -0.03662324       -0.04856205       -0.04115069       -0.01348138 
       -0.01329207       -0.03655064       -0.04860175       -0.04125643       -0.01352066 
       -0.01325315       -0.03647828       -0.04863966       -0.04135978       -0.01355946 
       -0.01321414       -0.03640532       -0.04867470       -0.04145896       -0.01359612 
       -0.01317537       -0.03633267       -0.04870844       -0.04155552       -0.01363224 
       -0.01313657       -0.03625959       -0.04873949       -0.04165006       -0.01366782 
       -0.01309806       -0.03618634       -0.04876900       -0.04174089       -0.01370186 
       -0.01306006       -0.03611350       -0.04879594       -0.04182935       -0.01373512 
       -0.01302171       -0.03604007       -0.04882109       -0.04191446       -0.01376724 
       -0.01298395       -0.03596699       -0.04884410       -0.04199648       -0.01379824 
       -0.01294565       -0.03589296       -0.04886472       -0.04207659       -0.01382881 
       -0.01290828       -0.03581941       -0.04888344       -0.04215324       -0.01385802 
       -0.01287079       -0.03574574       -0.04890013       -0.04222667       -0.01388633 
       -0.01283318       -0.03567165       -0.04891455       -0.04229808       -0.01391345 
       -0.01279560       -0.03559721       -0.04892695       -0.04236591       -0.01393986 
       -0.01275840       -0.03552294       -0.04893744       -0.04243124       -0.01396507 
       -0.01272112       -0.03544813       -0.04894590       -0.04249430       -0.01398975 
       -0.01268411       -0.03537333       -0.04895175       -0.04255402       -0.01401287 
       -0.01264703       -0.03529817       -0.04895592       -0.04261088       -0.01403534 
       -0.01260978       -0.03522235       -0.04895759       -0.04266512       -0.01405692 
       -0.01257339       -0.03514725       -0.04895765       -0.04271698       -0.01407754 
       -0.01253670       -0.03507161       -0.04895532       -0.04276550       -0.01409709 
       -0.01249987       -0.03499520       -0.04895097       -0.04281199       -0.01411569 
       -0.01246330       -0.03491861       -0.04894429       -0.04285514       -0.01413339 
       -0.01242661       -0.03484184       -0.04893607       -0.04289508       -0.01414993 
       -0.01238984       -0.03476429       -0.04892546       -0.04293340       -0.01416609 
       -0.01235357       -0.03468752       -0.04891312       -0.04296875       -0.01418105 
       -0.01231727       -0.03460979       -0.04889822       -0.04300094       -0.01419479 
       -0.01228055       -0.03453153       -0.04888123       -0.04303074       -0.01420790 
       -0.01224449       -0.03445327       -0.04886234       -0.04305840       -0.01422012 
       -0.01220852       -0.03437525       -0.04884154       -0.04308271       -0.01423120 
       -0.01217178       -0.03429580       -0.04881871       -0.04310519       -0.01424187 
       -0.01213539       -0.03421623       -0.04879385       -0.04312462       -0.01425126 
       -0.01209936       -0.03413683       -0.04876685       -0.04314160       -0.01425985 
       -0.01206306       -0.03405672       -0.04873759       -0.04315531       -0.01426715 
       -0.01202694       -0.03397626       -0.04870665       -0.04316735       -0.01427397 
       -0.01199055       -0.03389525       -0.04867369       -0.04317713       -0.01428017 
       -0.01195425       -0.03381413       -0.04863882       -0.04318368       -0.01428521 
       -0.01191822       -0.03373271       -0.04860204       -0.04318786       -0.01428929 
       -0.01188183       -0.03365022       -0.04856294       -0.04318976       -0.01429260 
       -0.01184571       -0.03356826       -0.04852211       -0.04318941       -0.01429510 
       -0.01180929       -0.03348547       -0.04847932       -0.04318672       -0.01429695 
       -0.01177335       -0.03340244       -0.04843462       -0.04318100       -0.01429752 
       -0.01173693       -0.03331876       -0.04838794       -0.04317355       -0.01429784 
       -0.01170075       -0.03323489       -0.04833931       -0.04316318       -0.01429671 
       -0.01166448       -0.03315061       -0.04828918       -0.04315114       -0.01429549 
       -0.01162821       -0.03306603       -0.04823649       -0.04313630       -0.01429307 
       -0.01159191       -0.03298098       -0.04818273       -0.04311937       -0.01428971 
       -0.01155549       -0.03289521       -0.04812658       -0.04310012       -0.01428574 
       -0.01151913       -0.03280932       -0.04806888       -0.04307866       -0.01428100 
       -0.01148263       -0.03272277       -0.04800904       -0.04305512       -0.01427558 
       -0.01144621       -0.03263599       -0.04794765       -0.04302853       -0.01426899 
       -0.01140970       -0.03254873       -0.04788423       -0.04300088       -0.01426211 
       -0.01137334       -0.03246117       -0.04781932       -0.04297066       -0.01425445 
       -0.01133665       -0.03237313       -0.04775244       -0.04293805       -0.01424578 
       -0.01130009       -0.03228486       -0.04768431       -0.04290360       -0.01423642 
       -0.01126361       -0.03219581       -0.04761368       -0.04286683       -0.01422620 
       -0.01122677       -0.03210652       -0.04754174       -0.04282844       -0.01421568 
       -0.01119000       -0.03201687       -0.04746836       -0.04278767       -0.01420432 
       -0.01115340       -0.03192681       -0.04739279       -0.04274482       -0.01419219 
       -0.01111650       -0.03183639       -0.04731590       -0.04270017       -0.01417932 
       -0.01107994       -0.03174561       -0.04723734       -0.04265374       -0.01416570 
       -0.01104283       -0.03165424       -0.04715705       -0.04260522       -0.01415175 
       -0.01100594       -0.03156239       -0.04707527       -0.04255408       -0.01413649 
       -0.01096892       -0.03147012       -0.04699147       -0.04250193       -0.01412103 
       -0.01093188       -0.03137779       -0.04690635       -0.04244769       -0.01410502 
       -0.01089472       -0.03128475       -0.04681987       -0.04239142       -0.01408809 
       -0.01085773       -0.03119165       -0.04673183       -0.04233336       -0.01407072 
       -0.01082063       -0.03109801       -0.04664236       -0.04227346       -0.01405272 
       -0.01078337       -0.03100407       -0.04655087       -0.04221135       -0.01403368 
       -0.01074624       -0.03090966       -0.04645842       -0.04214883       -0.01401472 
       -0.01070896       -0.03081512       -0.04636455       -0.04208332       -0.01399451 
       -0.01067159       -0.03071988       -0.04626876       -0.04201639       -0.01397410 
       -0.01063406       -0.03062415       -0.04617202       -0.04194790       -0.01395285 
       -0.01059666       -0.03052831       -0.04607356       -0.04187781       -0.01393130 
       -0.01055920       -0.03043222       -0.04597378       -0.04180568       -0.01390898 
       -0.01052171       -0.03033561       -0.04587287       -0.04173195       -0.01388597 
       -0.01048422       -0.03023881       -0.04577011       -0.04165703       -0.01386267 
       -0.01044661       -0.03014153       -0.04566652       -0.04158032       -0.01383865 
       -0.01040882       -0.03004378       -0.04556119       -0.04150206       -0.01381418 
       -0.01037124       -0.02994585       -0.04545474       -0.04142213       -0.01378894 
       -0.01033339       -0.02984768       -0.04534727       -0.04134059       -0.01376343 
       -0.01029566       -0.02974910       -0.04523832       -0.04125798       -0.01373735 
       -0.01025790       -0.02965033       -0.04512811       -0.04117393       -0.01371077 
       -0.01021996       -0.02955097       -0.04501665       -0.04108816       -0.01368368 
       -0.01018202       -0.02945125       -0.04490393       -0.04100114       -0.01365623 
       -0.01014423       -0.02935171       -0.04479015       -0.04091233       -0.01362795 
       -0.01010621       -0.02925169       -0.04467547       -0.04082251       -0.01359925 
       -0.01006824       -0.02915126       -0.04455918       -0.04073149       -0.01357040 
       -0.01003011       -0.02905029       -0.04444230       -0.04063857       -0.01354063 
       -0.00999215       -0.02894956       -0.04432374       -0.04054487       -0.01351091 
       -0.00995408       -0.02884835       -0.04420435       -0.04044962       -0.01348040 
       -0.00991586       -0.02874669       -0.04408371       -0.04035300       -0.01344949 
       -0.00987771       -0.02864519       -0.04396266       -0.04025555       -0.01341817 
       -0.00983976       -0.02854326       -0.04383993       -0.04015678       -0.01338652 
       -0.00980134       -0.02844089       -0.04371637       -0.04005647       -0.01335421 
       -0.00976312       -0.02833831       -0.04359156       -0.03995526       -0.01332182 
       -0.00972493       -0.02823573       -0.04346636       -0.03985274       -0.01328880 
       -0.00968677       -0.02813271       -0.04333964       -0.03974926       -0.01325533 
       -0.00964823       -0.02802950       -0.04321241       -0.03964466       -0.01322153 
       -0.00961009       -0.02792633       -0.04308391       -0.03953892       -0.01318750 
       -0.00957176       -0.02782276       -0.04295492       -0.03943187       -0.01315284 
       -0.00953335       -0.02771884       -0.04282457       -0.03932405       -0.01311797 
       -0.00949475       -0.02761468       -0.04269356       -0.03921545       -0.01308292 
       -0.00945647       -0.02751052       -0.04256165       -0.03910518       -0.01304716 
       -0.00941807       -0.02740633       -0.04242909       -0.03899437       -0.01301119 
       -0.00937966       -0.02730170       -0.04229560       -0.03888237       -0.01297492 
       -0.00934134       -0.02719730       -0.04216146       -0.03876930       -0.01293811 
       -0.00930282       -0.02709222       -0.04202643       -0.03865570       -0.01290125 
       -0.00926428       -0.02698725       -0.04189047       -0.03854117       -0.01286405 
       -0.00922588       -0.02688208       -0.04175401       -0.03842556       -0.01282632 
       -0.00918739       -0.02677676       -0.04161680       -0.03830916       -0.01278844 
       -0.00914893       -0.02667126       -0.04147884       -0.03819168       -0.01275018 
       -0.00911060       -0.02656582       -0.04134032       -0.03807366       -0.01271170 
       -0.00907214       -0.02646011       -0.04120094       -0.03795469       -0.01267283 
       -0.00903364       -0.02635416       -0.04106095       -0.03783494       -0.01263380 
       -0.00899510       -0.02624831       -0.04092047       -0.03771451       -0.01259452 
       -0.00895679       -0.02614239       -0.04077929       -0.03759331       -0.01255491 
       -0.00891843       -0.02603629       -0.04063740       -0.03747141       -0.01251505 
       -0.00887993       -0.02592999       -0.04049504       -0.03734851       -0.01247486 
       -0.00884159       -0.02582377       -0.04035214       -0.03722531       -0.01243454 
       -0.00880304       -0.02571732       -0.04020864       -0.03710130       -0.01239397 
       -0.00876476       -0.02561092       -0.04006445       -0.03697628       -0.01235302 
       -0.00872628       -0.02550435       -0.03991985       -0.03685093       -0.01231204 
       -0.00868806       -0.02539796       -0.03977492       -0.03672516       -0.01227075 
       -0.00864962       -0.02529129       -0.03962931       -0.03659818       -0.01222926 
       -0.00861129       -0.02518472       -0.03948340       -0.03647110       -0.01218738 
       -0.00857295       -0.02507794       -0.03933695       -0.03634310       -0.01214541 
       -0.00853465       -0.02497107       -0.03918993       -0.03621486       -0.01210332 
       -0.00849639       -0.02486438       -0.03904259       -0.03608596       -0.01206097 
       -0.00845818       -0.02475759       -0.03889495       -0.03595662       -0.01201841 
       -0.00842001       -0.02465087       -0.03874674       -0.03582639       -0.01197557 
       -0.00838169       -0.02454397       -0.03859833       -0.03569600       -0.01193264 
       -0.00834361       -0.02443707       -0.03844923       -0.03556526       -0.01188973 
       -0.00830553       -0.02433032       -0.03829995       -0.03543377       -0.01184648 
       -0.00826740       -0.02422339       -0.03815049       -0.03530195       -0.01180300 
       -0.00822946       -0.02411678       -0.03800052       -0.03516963       -0.01175939 
       -0.00819150       -0.02401000       -0.03785035       -0.03503695       -0.01171584 
       -0.00815351       -0.02390328       -0.03769994       -0.03490382       -0.01167181 
       -0.00811556       -0.02379656       -0.03754914       -0.03477049       -0.01162790 
       -0.00807761       -0.02368987       -0.03739804       -0.03463665       -0.01158378 
       -0.00803989       -0.02358326       -0.03724682       -0.03450242       -0.01153947 
       -0.00800194       -0.02347660       -0.03709522       -0.03436792       -0.01149511 
       -0.00796416       -0.02337009       -0.03694353       -0.03423303       -0.01145066 
       -0.00792643       -0.02326357       -0.03679147       -0.03409779       -0.01140597 
       -0.00788875       -0.02315718       -0.03663930       -0.03396234       -0.01136117 
       -0.00785120       -0.02305079       -0.03648689       -0.03382662       -0.01131637 
       -0.00781357       -0.02294457       -0.03633451       -0.03369063       -0.01127149 
       -0.00777608       -0.02283844       -0.03618172       -0.03355417       -0.01122622 
       -0.00773862       -0.02273232       -0.03602883       -0.03341746       -0.01118104 
       -0.00770120       -0.02262616       -0.03587574       -0.03328067       -0.01113592 
       -0.00766398       -0.02252054       -0.03572273       -0.03314382       -0.01109067 
       -0.00762665       -0.02241468       -0.03556961       -0.03300661       -0.01104535 
       -0.00758944       -0.02230895       -0.03541613       -0.03286913       -0.01099974 
       -0.00755237       -0.02220345       -0.03526288       -0.03273165       -0.01095414 
       -0.00751530       -0.02209803       -0.03510934       -0.03259385       -0.01090860 
       -0.00747828       -0.02199268       -0.03495577       -0.03245592       -0.01086293 
       -0.00744140       -0.02188751       -0.03480202       -0.03231776       -0.01081723 
       -0.00740443       -0.02178240       -0.03464845       -0.03217962       -0.01077142 
       -0.00736763       -0.02167746       -0.03449467       -0.03204131       -0.01072560 
       -0.00733086       -0.02157271       -0.03434107       -0.03190297       -0.01067974 
       -0.00729427       -0.02146810       -0.03418732       -0.03176424       -0.01063375 
       -0.00725758       -0.02136353       -0.03403360       -0.03162542       -0.01058772 
       -0.00722104       -0.02125916       -0.03387985       -0.03148690       -0.01054180 
       -0.00718464       -0.02115494       -0.03372616       -0.03134823       -0.01049575 
       -0.00714818       -0.02105093       -0.03357261       -0.03120935       -0.01044974 
       -0.00711180       -0.02094707       -0.03341895       -0.03107056       -0.01040369 
       -0.00707570       -0.02084351       -0.03326541       -0.03093165       -0.01035759 
       -0.00703957       -0.02073994       -0.03311169       -0.03079274       -0.01031151 
       -0.00700346       -0.02063651       -0.03295839       -0.03065377       -0.01026538 
       -0.00696753       -0.02053353       -0.03280503       -0.03051484       -0.01021922 
       -0.00693151       -0.02043039       -0.03265178       -0.03037599       -0.01017313 
       -0.00689578       -0.02032775       -0.03249860       -0.03023702       -0.01012696 
       -0.00686009       -0.02022529       -0.03234553       -0.03009829       -0.01008084 
       -0.00682435       -0.02012286       -0.03219262       -0.02995938       -0.01003475 
       -0.00678881       -0.02002072       -0.03203993       -0.02982050       -0.00998858 
       -0.00675349       -0.01991886       -0.03188714       -0.02968189       -0.00994247 
       -0.00671794       -0.01981701       -0.03173465       -0.02954310       -0.00989631 
       -0.00668272       -0.01971559       -0.03158221       -0.02940458       -0.00985028 
       -0.00664750       -0.01961422       -0.03143002       -0.02926600       -0.00980417 
       -0.00661239       -0.01951317       -0.03127798       -0.02912772       -0.00975829 
       -0.00657739       -0.01941234       -0.03112620       -0.02898934       -0.00971222 
       -0.00654235       -0.01931161       -0.03097451       -0.02885115       -0.00966629 
       -0.00650766       -0.01921138       -0.03082290       -0.02871299       -0.00962028 
       -0.00647286       -0.01911117       -0.03067176       -0.02857518       -0.00957441 
       -0.00643831       -0.01901139       -0.03052062       -0.02843732       -0.00952853 
       -0.00640368       -0.01891159       -0.03036985       -0.02829954       -0.00948270 
       -0.00636923       -0.01881221       -0.03021915       -0.02816199       -0.00943686 
       -0.00633495       -0.01871303       -0.03006873       -0.02802467       -0.00939114 
       -0.00630071       -0.01861414       -0.02991855       -0.02788748       -0.00934553 
       -0.00626655       -0.01851545       -0.02976863       -0.02775049       -0.00929993 
       -0.00623244       -0.01841703       -0.02961893       -0.02761358       -0.00925430 
       -0.00619851       -0.01831889       -0.02946961       -0.02747697       -0.00920881 
       -0.00616460       -0.01822099       -0.02932043       -0.02734044       -0.00916332 
       -0.00613093       -0.01812340       -0.02917153       -0.02720416       -0.00911795 
       -0.00609731       -0.01802605       -0.02902293       -0.02706811       -0.00907263 
       -0.00606373       -0.01792890       -0.02887470       -0.02693227       -0.00902735 
       -0.00603031       -0.01783212       -0.02872664       -0.02679655       -0.00898210 
       -0.00599702       -0.01773562       -0.02857894       -0.02666113       -0.00893693 
       -0.00596382       -0.01763935       -0.02843159       -0.02652597       -0.00889193 
       -0.00593068       -0.01754327       -0.02828443       -0.02639115       -0.00884695 
       -0.00589768       -0.01744759       -0.02813761       -0.02625647       -0.00880204 
       -0.00586482       -0.01735219       -0.02799115       -0.02612199       -0.00875722 
       -0.00583206       -0.01725712       -0.02784504       -0.02598792       -0.00871244 
       -0.00579942       -0.01716234       -0.02769919       -0.02585405       -0.00866784 
       -0.00576680       -0.01706773       -0.02755374       -0.02572036       -0.00862323 
       -0.00573433       -0.01697347       -0.02740861       -0.02558710       -0.00857881 
       -0.00570199       -0.01687956       -0.02726388       -0.02545398       -0.00853439 
       -0.00566966       -0.01678576       -0.02711940       -0.02532125       -0.00849015 
       -0.00563762       -0.01669241       -0.02697526       -0.02518886       -0.00844591 
       -0.00560563       -0.01659942       -0.02683166       -0.02505662       -0.00840185 
       -0.00557374       -0.01650667       -0.02668837       -0.02492462       -0.00835782 
       -0.00554192       -0.01641411       -0.02654524       -0.02479303       -0.00831384 
       -0.00551029       -0.01632200       -0.02640270       -0.02466179       -0.00827000 
       -0.00547875       -0.01623023       -0.02626060       -0.02453092       -0.00822636 
       -0.00544734       -0.01613869       -0.02611868       -0.02440031       -0.00818278 
       -0.00541601       -0.01604743       -0.02597715       -0.02426994       -0.00813928 
       -0.00538475       -0.01595657       -0.02583630       -0.02413996       -0.00809585 
