        0.00000000        0.00000000        0.00000000        0.00000000        0.00000000        0.00000000        0.00000000        0.00000000 
        0.00000000        0.00000000        0.00000000        0.00000000        0.00000000        0.00000000        0.00000000        0.00000000 
        0.00000000        0.00000000        0.00000000        0.00000000        0.00000000        0.00000000        0.00000000        0.00000000 
        0.00000000        0.00000009        0.00000009        0.00000000        0.00000000        0.00000000        0.00000000        0.00000000 
        0.00000000        0.00000013        0.00000013        0.00000000        0.00000000        0.00000000        0.00000000        0.00000000 
        0.00000000        0.00000022        0.00000024        0.00000002        0.00000000        0.00000000        0.00000000        0.00000000 
        0.00000000        0.00000026        0.00000031        0.00000005        0.00000000        0.00000000        0.00000000        0.00000000 
        0.00000003        0.00000037        0.00000042        0.00000008        0.00000000        0.00000000        0.00000000        0.00000000 
        0.00000003        0.00000044        0.00000053        0.00000013        0.00000002        0.00000000        0.00000000        0.00000000 
        0.00000006        0.00000057        0.00000067        0.00000019        0.00000003        0.00000000        0.00000000        0.00000000 
        0.00000009        0.00000069        0.00000081        0.00000026        0.00000006        0.00000000        0.00000000        0.00000000 
        0.00000011        0.00000083        0.00000098        0.00000034        0.00000009        0.00000001        0.00000000        0.00000000 
        0.00000015        0.00000100        0.00000117        0.00000043        0.00000013        0.00000002        0.00000000        0.00000000 
        0.00000019        0.00000117        0.00000137        0.00000053        0.00000018        0.00000004        0.00000000        0.00000000 
        0.00000024        0.00000137        0.00000161        0.00000065        0.00000024        0.00000007        0.00000001        0.00000000 
        0.00000030        0.00000159        0.00000186        0.00000078        0.00000030        0.00000010        0.00000002        0.00000000 
        0.00000035        0.00000183        0.00000214        0.00000092        0.00000038        0.00000014        0.00000004        0.00000000 
        0.00000042        0.00000210        0.00000245        0.00000109        0.00000047        0.00000018        0.00000005        0.00000001 
        0.00000050        0.00000240        0.00000279        0.00000128        0.00000057        0.00000023        0.00000008        0.00000001 
        0.00000057        0.00000272        0.00000317        0.00000148        0.00000068        0.00000029        0.00000010        0.00000003 
        0.00000067        0.00000308        0.00000358        0.00000170        0.00000080        0.00000035        0.00000014        0.00000003 
        0.00000077        0.00000347        0.00000404        0.00000195        0.00000094        0.00000043        0.00000017        0.00000005 
        0.00000087        0.00000390        0.00000454        0.00000222        0.00000110        0.00000051        0.00000022        0.00000006 
        0.00000099        0.00000438        0.00000509        0.00000253        0.00000127        0.00000061        0.00000027        0.00000007 
        0.00000112        0.00000490        0.00000570        0.00000286        0.00000145        0.00000072        0.00000032        0.00000009 
        0.00000126        0.00000548        0.00000638        0.00000323        0.00000166        0.00000083        0.00000038        0.00000011 
        0.00000142        0.00000611        0.00000711        0.00000363        0.00000189        0.00000097        0.00000045        0.00000013 
        0.00000159        0.00000681        0.00000792        0.00000408        0.00000215        0.00000111        0.00000052        0.00000015 
        0.00000178        0.00000757        0.00000882        0.00000457        0.00000243        0.00000127        0.00000060        0.00000018 
        0.00000199        0.00000841        0.00000980        0.00000511        0.00000274        0.00000144        0.00000069        0.00000021 
        0.00000222        0.00000933        0.00001087        0.00000571        0.00000308        0.00000163        0.00000079        0.00000024 
        0.00000247        0.00001034        0.00001205        0.00000636        0.00000345        0.00000184        0.00000090        0.00000027 
        0.00000275        0.00001145        0.00001335        0.00000708        0.00000386        0.00000207        0.00000101        0.00000030 
        0.00000305        0.00001267        0.00001477        0.00000787        0.00000431        0.00000233        0.00000114        0.00000034 
        0.00000338        0.00001400        0.00001633        0.00000874        0.00000481        0.00000261        0.00000129        0.00000039 
        0.00000375        0.00001546        0.00001804        0.00000968        0.00000535        0.00000291        0.00000144        0.00000044 
        0.00000415        0.00001706        0.00001991        0.00001073        0.00000595        0.00000325        0.00000161        0.00000049 
        0.00000458        0.00001881        0.00002195        0.00001187        0.00000661        0.00000362        0.00000180        0.00000055 
        0.00000506        0.00002072        0.00002419        0.00001312        0.00000733        0.00000403        0.00000201        0.00000061 
        0.00000559        0.00002281        0.00002664        0.00001449        0.00000812        0.00000447        0.00000224        0.00000068 
        0.00000617        0.00002510        0.00002931        0.00001599        0.00000898        0.00000496        0.00000249        0.00000076 
        0.00000680        0.00002759        0.00003223        0.00001764        0.00000993        0.00000550        0.00000276        0.00000084 
        0.00000749        0.00003032        0.00003542        0.00001943        0.00001097        0.00000609        0.00000306        0.00000093 
        0.00000824        0.00003329        0.00003890        0.00002140        0.00001211        0.00000673        0.00000340        0.00000104 
        0.00000906        0.00003653        0.00004270        0.00002354        0.00001335        0.00000744        0.00000376        0.00000115 
        0.00000996        0.00004007        0.00004683        0.00002589        0.00001472        0.00000822        0.00000416        0.00000127 
        0.00001094        0.00004392        0.00005134        0.00002845        0.00001621        0.00000907        0.00000459        0.00000141 
        0.00001202        0.00004811        0.00005625        0.00003124        0.00001783        0.00001000        0.00000507        0.00000155 
        0.00001319        0.00005267        0.00006159        0.00003429        0.00001961        0.00001101        0.00000559        0.00000171 
        0.00001446        0.00005763        0.00006740        0.00003761        0.00002156        0.00001213        0.00000617        0.00000189 
        0.00001585        0.00006303        0.00007372        0.00004123        0.00002368        0.00001334        0.00000679        0.00000209 
        0.00001736        0.00006889        0.00008058        0.00004517        0.00002599        0.00001467        0.00000748        0.00000230 
        0.00001900        0.00007525        0.00008803        0.00004946        0.00002851        0.00001612        0.00000823        0.00000253 
        0.00002079        0.00008216        0.00009612        0.00005412        0.00003126        0.00001770        0.00000904        0.00000278 
        0.00002274        0.00008965        0.00010490        0.00005920        0.00003425        0.00001942        0.00000994        0.00000306 
        0.00002485        0.00009777        0.00011441        0.00006471        0.00003751        0.00002130        0.00001091        0.00000336 
        0.00002715        0.00010657        0.00012472        0.00007069        0.00004106        0.00002335        0.00001197        0.00000369 
        0.00002964        0.00011610        0.00013588        0.00007719        0.00004491        0.00002558        0.00001313        0.00000405 
        0.00003234        0.00012641        0.00014797        0.00008424        0.00004910        0.00002801        0.00001440        0.00000444 
        0.00003526        0.00013756        0.00016104        0.00009187        0.00005365        0.00003065        0.00001577        0.00000487 
        0.00003844        0.00014962        0.00017517        0.00010015        0.00005859        0.00003353        0.00001727        0.00000533 
        0.00004187        0.00016264        0.00019043        0.00010912        0.00006395        0.00003665        0.00001889        0.00000584 
        0.00004559        0.00017671        0.00020692        0.00011882        0.00006976        0.00004003        0.00002066        0.00000639 
        0.00004961        0.00019188        0.00022471        0.00012932        0.00007606        0.00004371        0.00002259        0.00000699 
        0.00005395        0.00020825        0.00024391        0.00014067        0.00008288        0.00004770        0.00002467        0.00000764 
        0.00005865        0.00022590        0.00026460        0.00015293        0.00009027        0.00005203        0.00002694        0.00000835 
        0.00006372        0.00024491        0.00028689        0.00016617        0.00009826        0.00005672        0.00002940        0.00000911 
        0.00006919        0.00026538        0.00031089        0.00018046        0.00010690        0.00006179        0.00003206        0.00000994 
        0.00007509        0.00028740        0.00033673        0.00019588        0.00011623        0.00006729        0.00003495        0.00001084 
        0.00008144        0.00031109        0.00036451        0.00021249        0.00012632        0.00007323        0.00003808        0.00001182 
        0.00008829        0.00033655        0.00039438        0.00023040        0.00013721        0.00007966        0.00004146        0.00001288 
        0.00009567        0.00036390        0.00042647        0.00024968        0.00014895        0.00008660        0.00004512        0.00001402 
        0.00010360        0.00039326        0.00046092        0.00027043        0.00016162        0.00009410        0.00004908        0.00001526 
        0.00011213        0.00042476        0.00049790        0.00029275        0.00017526        0.00010219        0.00005335        0.00001660 
        0.00012130        0.00045855        0.00053755        0.00031675        0.00018996        0.00011092        0.00005797        0.00001805 
        0.00013115        0.00049476        0.00058006        0.00034253        0.00020578        0.00012033        0.00006295        0.00001961 
        0.00014172        0.00053354        0.00062559        0.00037021        0.00022280        0.00013046        0.00006833        0.00002130 
        0.00015306        0.00057506        0.00067434        0.00039991        0.00024110        0.00014138        0.00007412        0.00002311 
        0.00016523        0.00061948        0.00072650        0.00043177        0.00026076        0.00015313        0.00008036        0.00002507 
        0.00017826        0.00066698        0.00078228        0.00046592        0.00028188        0.00016576        0.00008708        0.00002718 
        0.00019221        0.00071774        0.00084190        0.00050250        0.00030455        0.00017934        0.00009431        0.00002946 
        0.00020715        0.00077196        0.00090558        0.00054167        0.00032886        0.00019393        0.00010209        0.00003190 
        0.00022313        0.00082982        0.00097357        0.00058358        0.00035493        0.00020960        0.00011045        0.00003453 
        0.00024022        0.00089155        0.00104610        0.00062840        0.00038285        0.00022641        0.00011943        0.00003736 
        0.00025847        0.00095737        0.00112345        0.00067631        0.00041276        0.00024444        0.00012907        0.00004040 
        0.00027797        0.00102750        0.00120587        0.00072748        0.00044477        0.00026376        0.00013941        0.00004366 
        0.00029877        0.00110219        0.00129366        0.00078211        0.00047900        0.00028446        0.00015050        0.00004716 
        0.00032096        0.00118167        0.00138710        0.00084040        0.00051560        0.00030663        0.00016239        0.00005091 
        0.00034461        0.00126622        0.00148651        0.00090256        0.00055470        0.00033034        0.00017512        0.00005493 
        0.00036981        0.00135610        0.00159221        0.00096880        0.00059644        0.00035570        0.00018875        0.00005924 
        0.00039664        0.00145159        0.00170452        0.00103935        0.00064099        0.00038279        0.00020333        0.00006385 
        0.00042518        0.00155298        0.00182378        0.00111446        0.00068850        0.00041174        0.00021893        0.00006878 
        0.00045554        0.00166058        0.00195037        0.00119436        0.00073915        0.00044264        0.00023559        0.00007405 
        0.00048780        0.00177469        0.00208464        0.00127931        0.00079309        0.00047560        0.00025339        0.00007969 
        0.00052208        0.00189564        0.00222698        0.00136958        0.00085053        0.00051075        0.00027238        0.00008571 
        0.00055846        0.00202377        0.00237779        0.00146545        0.00091164        0.00054821        0.00029264        0.00009213 
        0.00059705        0.00215941        0.00253747        0.00156721        0.00097662        0.00058809        0.00031424        0.00009898 
        0.00063798        0.00230293        0.00270645        0.00167514        0.00104569        0.00063055        0.00033726        0.00010629 
        0.00068134        0.00245470        0.00288516        0.00178957        0.00111905        0.00067572        0.00036177        0.00011407 
        0.00072727        0.00261508        0.00307406        0.00191081        0.00119692        0.00072373        0.00038786        0.00012236 
        0.00077588        0.00278452        0.00327366        0.00203926        0.00127964        0.00077479        0.00041563        0.00013120 
        0.00082733        0.00296339        0.00348437        0.00217519        0.00136733        0.00082902        0.00044517        0.00014061 
        0.00088168        0.00315202        0.00370665        0.00231888        0.00146017        0.00088652        0.00047652        0.00015060 
        0.00093911        0.00335089        0.00394104        0.00247078        0.00155848        0.00094751        0.00050979        0.00016119 
        0.00099974        0.00356044        0.00418805        0.00263123        0.00166255        0.00101215        0.00054510        0.00017244 
        0.00106372        0.00378110        0.00444821        0.00280063        0.00177261        0.00108063        0.00058254        0.00018438 
        0.00113119        0.00401332        0.00472206        0.00297938        0.00188898        0.00115313        0.00062222        0.00019703 
        0.00120230        0.00425756        0.00501013        0.00316787        0.00201192        0.00122985        0.00066425        0.00021045 
        0.00127720        0.00451429        0.00531300        0.00336652        0.00214174        0.00131098        0.00070875        0.00022466 
        0.00135605        0.00478399        0.00563122        0.00357574        0.00227873        0.00139672        0.00075583        0.00023970 
        0.00143899        0.00506713        0.00596538        0.00379598        0.00242321        0.00148728        0.00080560        0.00025561 
        0.00152620        0.00536421        0.00631605        0.00402767        0.00257550        0.00158288        0.00085819        0.00027243 
        0.00161784        0.00567573        0.00668385        0.00427127        0.00273592        0.00168373        0.00091374        0.00029020 
        0.00171406        0.00600219        0.00706936        0.00452722        0.00290481        0.00179007        0.00097236        0.00030897 
        0.00181504        0.00634409        0.00747319        0.00479601        0.00308250        0.00190212        0.00103420        0.00032878 
        0.00192095        0.00670196        0.00789599        0.00507809        0.00326934        0.00202011        0.00109939        0.00034968 
        0.00203196        0.00707630        0.00833833        0.00537395        0.00346569        0.00214429        0.00116806        0.00037170 
        0.00214824        0.00746763        0.00880087        0.00568408        0.00367190        0.00227491        0.00124038        0.00039490 
        0.00226998        0.00787648        0.00928421        0.00600895        0.00388835        0.00241221        0.00131646        0.00041933 
        0.00239733        0.00830336        0.00978900        0.00634909        0.00411539        0.00255645        0.00139649        0.00044504 
        0.00253049        0.00874880        0.01031583        0.00670496        0.00435340        0.00270789        0.00148059        0.00047207 
        0.00266963        0.00921331        0.01086538        0.00707709        0.00460277        0.00286679        0.00156892        0.00050047 
        0.00281492        0.00969739        0.01143822        0.00746598        0.00486388        0.00303342        0.00166165        0.00053030 
        0.00296655        0.01020160        0.01203503        0.00787214        0.00513712        0.00320805        0.00175893        0.00056162 
        0.00312470        0.01072640        0.01265638        0.00829606        0.00542285        0.00339094        0.00186091        0.00059447 
        0.00328952        0.01127230        0.01330288        0.00873825        0.00572149        0.00358238        0.00196778        0.00062890 
        0.00346122        0.01183982        0.01397516        0.00919923        0.00603343        0.00378265        0.00207969        0.00066498 
        0.00363993        0.01242941        0.01467376        0.00967947        0.00635904        0.00399200        0.00219680        0.00070276 
        0.00382586        0.01304156        0.01539932        0.01017950        0.00669873        0.00421073        0.00231928        0.00074229 
        0.00401915        0.01367671        0.01615236        0.01069978        0.00705287        0.00443912        0.00244730        0.00078363 
        0.00421998        0.01433534        0.01693343        0.01124083        0.00742188        0.00467744        0.00258102        0.00082684 
        0.00442849        0.01501785        0.01774308        0.01180308        0.00780611        0.00492597        0.00272061        0.00087196 
        0.00464485        0.01572468        0.01858181        0.01238703        0.00820592        0.00518497        0.00286625        0.00091907 
        0.00486920        0.01645617        0.01945012        0.01299311        0.00862174        0.00545476        0.00301810        0.00096821 
        0.00510170        0.01721276        0.02034847        0.01362179        0.00905393        0.00573557        0.00317630        0.00101943 
        0.00534246        0.01799476        0.02127732        0.01427350        0.00950281        0.00602767        0.00334106        0.00107281 
        0.00559166        0.01880255        0.02223707        0.01494862        0.00996877        0.00633136        0.00351252        0.00112838 
        0.00584937        0.01963639        0.02322811        0.01564756        0.01045213        0.00664686        0.00369083        0.00118620 
        0.00611573        0.02049652        0.02425080        0.01637075        0.01095325        0.00697443        0.00387616        0.00124634 
        0.00639086        0.02138327        0.02530544        0.01711844        0.01147240        0.00731431        0.00406866        0.00130884 
        0.00667483        0.02229680        0.02639233        0.01789105        0.01200990        0.00766676        0.00426848        0.00137374 
        0.00696776        0.02323732        0.02751177        0.01868887        0.01256610        0.00803201        0.00447577        0.00144110 
        0.00726970        0.02420495        0.02866390        0.01951217        0.01314121        0.00841024        0.00469066        0.00151098 
        0.00758075        0.02519985        0.02984891        0.02036125        0.01373553        0.00880173        0.00491328        0.00158340 
        0.00790091        0.02622202        0.03106697        0.02123633        0.01434929        0.00920662        0.00514379        0.00165844 
        0.00823026        0.02727161        0.03231811        0.02213758        0.01498268        0.00962511        0.00538228        0.00173609 
        0.00856885        0.02834851        0.03360235        0.02306518        0.01563597        0.01005742        0.00562890        0.00181645 
        0.00891666        0.02945271        0.03491972        0.02401930        0.01630927        0.01050363        0.00588372        0.00189953 
        0.00927374        0.03058418        0.03627011        0.02500000        0.01700277        0.01096397        0.00614687        0.00198536 
        0.00964000        0.03174270        0.03765344        0.02600735        0.01771661        0.01143853        0.00641845        0.00207400 
        0.01001548        0.03292811        0.03906956        0.02704147        0.01845091        0.01192739        0.00669850        0.00216545 
        0.01040012        0.03414020        0.04051818        0.02810217        0.01920570        0.01243072        0.00698712        0.00225973 
        0.01079386        0.03537867        0.04199906        0.02918954        0.01998103        0.01294859        0.00728443        0.00235692 
        0.01119665        0.03664321        0.04351179        0.03030341        0.02077692        0.01348099        0.00759041        0.00245701 
        0.01160835        0.03793344        0.04505596        0.03144366        0.02159343        0.01402806        0.00790508        0.00255996 
        0.01202889        0.03924888        0.04663122        0.03261016        0.02243049        0.01458973        0.00822854        0.00266587 
        0.01245816        0.04058914        0.04823693        0.03380259        0.02328796        0.01516604        0.00856078        0.00277471 
        0.01289592        0.04195359        0.04987252        0.03502070        0.02416575        0.01575692        0.00890180        0.00288648 
        0.01334210        0.04334167        0.05153738        0.03626419        0.02506381        0.01636243        0.00925159        0.00300118 
        0.01379653        0.04475278        0.05323066        0.03753258        0.02598184        0.01698235        0.00961009        0.00311881 
        0.01425893        0.04618610        0.05495171        0.03882565        0.02691976        0.01761673        0.00997734        0.00323937 
        0.01472915        0.04764102        0.05669963        0.04014275        0.02787711        0.01826528        0.01035325        0.00336284 
        0.01520688        0.04911654        0.05847348        0.04148324        0.02885372        0.01892804        0.01073778        0.00348921 
        0.01569193        0.05061197        0.06027231        0.04284683        0.02984928        0.01960470        0.01113085        0.00361848 
        0.01618400        0.05212624        0.06209494        0.04423264        0.03086340        0.02029506        0.01153221        0.00375051 
        0.01668277        0.05365847        0.06394050        0.04564017        0.03189572        0.02099895        0.01194190        0.00388537 
        0.01718797        0.05520754        0.06580751        0.04706839        0.03294560        0.02171612        0.01235983        0.00402302 
        0.01769920        0.05677248        0.06769503        0.04851693        0.03401271        0.02244616        0.01278571        0.00416337 
        0.01821614        0.05835199        0.06960149        0.04998455        0.03509657        0.02318890        0.01321947        0.00430638 
        0.01873841        0.05994492        0.07152545        0.05147044        0.03619629        0.02394385        0.01366088        0.00445202 
        0.01926558        0.06155018        0.07346591        0.05297389        0.03731164        0.02471069        0.01410969        0.00460015 
        0.01979734        0.06316627        0.07542087        0.05449349        0.03844167        0.02548905        0.01456580        0.00475082 
        0.02033321        0.06479196        0.07738921        0.05602844        0.03958577        0.02627850        0.01502895        0.00490385 
        0.02087269        0.06642584        0.07936893        0.05757767        0.04074338        0.02707848        0.01549868        0.00505915 
        0.02141527        0.06806625        0.08135846        0.05913970        0.04191338        0.02788858        0.01597507        0.00521680 
        0.02196063        0.06971207        0.08335637        0.06071380        0.04309526        0.02870834        0.01645762        0.00537651 
        0.02250821        0.07136157        0.08536045        0.06229813        0.04428782        0.02953690        0.01694599        0.00553830 
        0.02305741        0.07301322        0.08736894        0.06389168        0.04549038        0.03037405        0.01743993        0.00570202 
        0.02360784        0.07466556        0.08938043        0.06549333        0.04670219        0.03121899        0.01793900        0.00586748 
        0.02415879        0.07631662        0.09139258        0.06710148        0.04792188        0.03207111        0.01844302        0.00603472 
        0.02470990        0.07796504        0.09340355        0.06871450        0.04914862        0.03292970        0.01895137        0.00620349 
        0.02526056        0.07960920        0.09541135        0.07033119        0.05038133        0.03379406        0.01946394        0.00637380 
        0.02581000        0.08124694        0.09741384        0.07194987        0.05161896        0.03466357        0.01998004        0.00654536 
        0.02635779        0.08287689        0.09940939        0.07356919        0.05286033        0.03553738        0.02049938        0.00671809 
        0.02690338        0.08449727        0.10139540        0.07518740        0.05410449        0.03641488        0.02102157        0.00689187 
        0.02744603        0.08610620        0.10337007        0.07680300        0.05535001        0.03729504        0.02154604        0.00706658 
        0.02798525        0.08770178        0.10533100        0.07841407        0.05659576        0.03817722        0.02207239        0.00724197 
        0.02852032        0.08928245        0.10727648        0.08001933        0.05784070        0.03906056        0.02260008        0.00741795 
        0.02905060        0.09084624        0.10920423        0.08161710        0.05908340        0.03994422        0.02312869        0.00759434 
        0.02957565        0.09239146        0.11111178        0.08320527        0.06032269        0.04082718        0.02365759        0.00777093 
        0.03009470        0.09391633        0.11299741        0.08478253        0.06155710        0.04170878        0.02418652        0.00794771 
        0.03060701        0.09541878        0.11485849        0.08634686        0.06278552        0.04258800        0.02471466        0.00812427 
        0.03111224        0.09689741        0.11669335        0.08789684        0.06400655        0.04346377        0.02524161        0.00830067 
        0.03160945        0.09835008        0.11849983        0.08943063        0.06521901        0.04433550        0.02576676        0.00847648 
        0.03209819        0.09977528        0.12027536        0.09094618        0.06642123        0.04520194        0.02628960        0.00865165 
        0.03257767        0.10117090        0.12201828        0.09244215        0.06761234        0.04606223        0.02680939        0.00882603 
        0.03304768        0.10253572        0.12372631        0.09391671        0.06879070        0.04691574        0.02732587        0.00899932 
        0.03350724        0.10386772        0.12539753        0.09536800        0.06995477        0.04776102        0.02783844        0.00917149 
        0.03395575        0.10516533        0.12702987        0.09679443        0.07110360        0.04859731        0.02834633        0.00934225 
        0.03439294        0.10642710        0.12862116        0.09819427        0.07223567        0.04942378        0.02884886        0.00951128 
        0.03481782        0.10765082        0.13016963        0.09956583        0.07334962        0.05023926        0.02934590        0.00967860 
        0.03523015        0.10883591        0.13167351        0.10090753        0.07444429        0.05104285        0.02983630        0.00984387 
        0.03562922        0.10998017        0.13313094        0.10221767        0.07551810        0.05183375        0.03032014        0.01000708 
        0.03601430        0.11108211        0.13453981        0.10349452        0.07656994        0.05261081        0.03079617        0.01016776 
        0.03638543        0.11214074        0.13589895        0.10473689        0.07759854        0.05337316        0.03126431        0.01032594 
        0.03674154        0.11315441        0.13720638        0.10594302        0.07860255        0.05411997        0.03172383        0.01048143 
        0.03708234        0.11412176        0.13846004        0.10711119        0.07958075        0.05485019        0.03217408        0.01063395 
        0.03740759        0.11504227        0.13965923        0.10824040        0.08053201        0.05556303        0.03261468        0.01078326 
        0.03771660        0.11591396        0.14080223        0.10932919        0.08145508        0.05625746        0.03304487        0.01092930 
        0.03800897        0.11673614        0.14188713        0.11037579        0.08234885        0.05693287        0.03346446        0.01107186 
        0.03828426        0.11750773        0.14291349        0.11137953        0.08321226        0.05758816        0.03387249        0.01121064 
        0.03854226        0.11822763        0.14387941        0.11233878        0.08404419        0.05822283        0.03426901        0.01134574 
        0.03878248        0.11889502        0.14478394        0.11325237        0.08484337        0.05883551        0.03465274        0.01147665 
        0.03900471        0.11950943        0.14562646        0.11411923        0.08560917        0.05942613        0.03502396        0.01160352 
        0.03920856        0.12006986        0.14640531        0.11493874        0.08634079        0.05999342        0.03538176        0.01172599 
        0.03939380        0.12057549        0.14711994        0.11570936        0.08703706        0.06053704        0.03572580        0.01184385 
        0.03956012        0.12102610        0.14776978        0.11643022        0.08769682        0.06105602        0.03605571        0.01195721 
        0.03970739        0.12142095        0.14835411        0.11710051        0.08831948        0.06154984        0.03637120        0.01206583 
        0.03983542        0.12175980        0.14887211        0.11771992        0.08890477        0.06201807        0.03667155        0.01216941 
        0.03994405        0.12204236        0.14932334        0.11828730        0.08945134        0.06245971        0.03695646        0.01226792 
        0.04003328        0.12226871        0.14970750        0.11880219        0.08995876        0.06287462        0.03722578        0.01236133 
        0.04010265        0.12243766        0.15002427        0.11926410        0.09042671        0.06326228        0.03747919        0.01244937 
        0.04015243        0.12255031        0.15027377        0.11967248        0.09085447        0.06362200        0.03771588        0.01253197 
        0.04018262        0.12260622        0.15045545        0.12002683        0.09124157        0.06395358        0.03793636        0.01260924 
        0.04019299        0.12260550        0.15056938        0.12032697        0.09158742        0.06425625        0.03813973        0.01268078 
        0.04018377        0.12254855        0.15061623        0.12057310        0.09189221        0.06453019        0.03832611        0.01274680 
        0.04015452        0.12243527        0.15059519        0.12076432        0.09215513        0.06477478        0.03849474        0.01280671 
        0.04010621        0.12226632        0.15050772        0.12090108        0.09237620        0.06499025        0.03864664        0.01286130 
        0.04003821        0.12204218        0.15035376        0.12098351        0.09255514        0.06517568        0.03878042        0.01290967 
        0.03995106        0.12176305        0.15013301        0.12101066        0.09269178        0.06533155        0.03889644        0.01295215 
        0.03984489        0.12143022        0.14984739        0.12098408        0.09278634        0.06545720        0.03899461        0.01298873 
        0.03971967        0.12104338        0.14949709        0.12090358        0.09283879        0.06555304        0.03907493        0.01301934 
        0.03957586        0.12060419        0.14908251        0.12076920        0.09284931        0.06561890        0.03913715        0.01304388 
        0.03941354        0.12011266        0.14860469        0.12058151        0.09281769        0.06565461        0.03918153        0.01306258 
        0.03923349        0.11957088        0.14806491        0.12034115        0.09274459        0.06566024        0.03920746        0.01307496 
        0.03903517        0.11897856        0.14746404        0.12004840        0.09262985        0.06563628        0.03921571        0.01308145 
        0.03881972        0.11833733        0.14680347        0.11970457        0.09247437        0.06558251        0.03920579        0.01308182 
        0.03858709        0.11764836        0.14608386        0.11930972        0.09227768        0.06549907        0.03917825        0.01307639 
        0.03833778        0.11691266        0.14530635        0.11886477        0.09204149        0.06538695        0.03913301        0.01306492 
        0.03807224        0.11613160        0.14447302        0.11837053        0.09176520        0.06524545        0.03906992        0.01304747 
        0.03779072        0.11530581        0.14358512        0.11782813        0.09144980        0.06507564        0.03898984        0.01302430 
        0.03749390        0.11443752        0.14264342        0.11723828        0.09109592        0.06487733        0.03889221        0.01299526 
        0.03718218        0.11352789        0.14165017        0.11660230        0.09070435        0.06465137        0.03877765        0.01296046 
        0.03685616        0.11257812        0.14060655        0.11592099        0.09027535        0.06439802        0.03864637        0.01292002 
        0.03651597        0.11158949        0.13951433        0.11519545        0.08980992        0.06411755        0.03849837        0.01287389 
        0.03616272        0.11056387        0.13837498        0.11442721        0.08930928        0.06381094        0.03833422        0.01282236 
        0.03579618        0.10950246        0.13719133        0.11361775        0.08877388        0.06347805        0.03815421        0.01276544 
        0.03541757        0.10840714        0.13596371        0.11276790        0.08820483        0.06312039        0.03795844        0.01270311 
        0.03502706        0.10727912        0.13469467        0.11187890        0.08760279        0.06273788        0.03774771        0.01263568 
        0.03462550        0.10612035        0.13338566        0.11095214        0.08696890        0.06233171        0.03752217        0.01256342 
        0.03421330        0.10493243        0.13203868        0.10998932        0.08630389        0.06190154        0.03728166        0.01248595 
        0.03379087        0.10371682        0.13065642        0.10899198        0.08560950        0.06144938        0.03702760        0.01240388 
        0.03335924        0.10247543        0.12923980        0.10796121        0.08488631        0.06097513        0.03675941        0.01231696 
        0.03291865        0.10120955        0.12779063        0.10689858        0.08413541        0.06047946        0.03647789        0.01222540 
        0.03247014        0.09992164        0.12631196        0.10580567        0.08335769        0.05996349        0.03618401        0.01212987 
        0.03201340        0.09861180        0.12480482        0.10468441        0.08255503        0.05942822        0.03587750        0.01202971 
        0.03155015        0.09728342        0.12327123        0.10353580        0.08172816        0.05887407        0.03555945        0.01192595 
        0.03108032        0.09593746        0.12171331        0.10236141        0.08087811        0.05830193        0.03522962        0.01181796 
        0.03060463        0.09457520        0.12013304        0.10116327        0.08000654        0.05771261        0.03488898        0.01170619 
        0.03012380        0.09319863        0.11853230        0.09994233        0.07911414        0.05710697        0.03453800        0.01159097 
        0.02963828        0.09180993        0.11691320        0.09870079        0.07820240        0.05648601        0.03417706        0.01147209 
        0.02914867        0.09040958        0.11527717        0.09743968        0.07727224        0.05585045        0.03380686        0.01135030 
        0.02865586        0.08900070        0.11362684        0.09616140        0.07632554        0.05520093        0.03342769        0.01122536 
        0.02816011        0.08758307        0.11196315        0.09486642        0.07536301        0.05453902        0.03304029        0.01109737 
        0.02766189        0.08615920        0.11028919        0.09355730        0.07438573        0.05386478        0.03264502        0.01096675 
        0.02716213        0.08473107        0.10860562        0.09223476        0.07339537        0.05317965        0.03224230        0.01083350 
        0.02666093        0.08329904        0.10691443        0.09090090        0.07239306        0.05248439        0.03183314        0.01069807 
        0.02615917        0.08186540        0.10521775        0.08955693        0.07137966        0.05177966        0.03141776        0.01056038 
        0.02565724        0.08043137        0.10351732        0.08820438        0.07035655        0.05106658        0.03099638        0.01042062 
        0.02515590        0.07899830        0.10181445        0.08684492        0.06932512        0.05034578        0.03057012        0.01027910 
        0.02465543        0.07756788        0.10011113        0.08547968        0.06828648        0.04961821        0.03013873        0.01013587 
        0.02415627        0.07614064        0.09840840        0.08411038        0.06724125        0.04888454        0.02970362        0.00999109 
        0.02365902        0.07471839        0.09670854        0.08273828        0.06619152        0.04814643        0.02926511        0.00984532 
        0.02316396        0.07330236        0.09501266        0.08136454        0.06513739        0.04740351        0.02882290        0.00969802 
        0.02267168        0.07189313        0.09332222        0.07999042        0.06408051        0.04665735        0.02837834        0.00954992 
        0.02218284        0.07049319        0.09163851        0.07861817        0.06302232        0.04590863        0.02793163        0.00940095 
        0.02169728        0.06910202        0.08996308        0.07724777        0.06196266        0.04515746        0.02748278        0.00925112 
        0.02121583        0.06772178        0.08829701        0.07588083        0.06090373        0.04440558        0.02703303        0.00910103 
        0.02073865        0.06635290        0.08664167        0.07451886        0.05984607        0.04365343        0.02658272        0.00895064 
        0.02026616        0.06499639        0.08499849        0.07316259        0.05879045        0.04290137        0.02613190        0.00879994 
        0.01979879        0.06365359        0.08336833        0.07181337        0.05773792        0.04215047        0.02568132        0.00864926 
        0.01933670        0.06232485        0.08175251        0.07047230        0.05668941        0.04140127        0.02523130        0.00849865 
        0.01888040        0.06101099        0.08015156        0.06913972        0.05564573        0.04065433        0.02478203        0.00834823 
        0.01842996        0.05971307        0.07856676        0.06781745        0.05460799        0.03991014        0.02433413        0.00819825 
        0.01798570        0.05843139        0.07699904        0.06650612        0.05357680        0.03917000        0.02388805        0.00804870 
        0.01754785        0.05716711        0.07544917        0.06520620        0.05255270        0.03843376        0.02344432        0.00790000 
        0.01711665        0.05592033        0.07391810        0.06391838        0.05153644        0.03770253        0.02300283        0.00775194 
        0.01669243        0.05469221        0.07240689        0.06264433        0.05052891        0.03697652        0.02256396        0.00760461 
        0.01627533        0.05348253        0.07091513        0.06138471        0.04953119        0.03625619        0.02212840        0.00745843 
        0.01586533        0.05229229        0.06944433        0.06013879        0.04854289        0.03554228        0.02169621        0.00731319 
        0.01546265        0.05112153        0.06799507        0.05890906        0.04756513        0.03483465        0.02126756        0.00716910 
        0.01506771        0.04997060        0.06656754        0.05769464        0.04659855        0.03413475        0.02084345        0.00702666 
        0.01468031        0.04884022        0.06516176        0.05649668        0.04564336        0.03344196        0.02042326        0.00688538 
        0.01430060        0.04773057        0.06377980        0.05531603        0.04470059        0.03275764        0.02000767        0.00674555 
        0.01392898        0.04664180        0.06242025        0.05415234        0.04376990        0.03208125        0.01959690        0.00660732 
        0.01356518        0.04557374        0.06108445        0.05300689        0.04285234        0.03141367        0.01919109        0.00647071 
        0.01320924        0.04452705        0.05977207        0.05187917        0.04194799        0.03075501        0.01879025        0.00633569 
        0.01286149        0.04350191        0.05848366        0.05077010        0.04105741        0.03010580        0.01839525        0.00620265 
        0.01252168        0.04249781        0.05721954        0.04967970        0.04018036        0.02946588        0.01800519        0.00607114 
        0.01218998        0.04151547        0.05597967        0.04860827        0.03931767        0.02883568        0.01762110        0.00594178 
        0.01186620        0.04055449        0.05476442        0.04755640        0.03846940        0.02821559        0.01724291        0.00581425 
        0.01155064        0.03961486        0.05357298        0.04652357        0.03763586        0.02760583        0.01687083        0.00568876 
        0.01124313        0.03869677        0.05240664        0.04551071        0.03681728        0.02700633        0.01650447        0.00556497 
        0.01094355        0.03779981        0.05126408        0.04451689        0.03601325        0.02641687        0.01614466        0.00544363 
        0.01065177        0.03692427        0.05014640        0.04354349        0.03522462        0.02583843        0.01579103        0.00532435 
        0.01036818        0.03606957        0.04905319        0.04258984        0.03445119        0.02527055        0.01544359        0.00520694 
        0.01009195        0.03523579        0.04798394        0.04165536        0.03369275        0.02471352        0.01510274        0.00509194 
        0.00982380        0.03442270        0.04693842        0.04074076        0.03294978        0.02416730        0.01476830        0.00497888 
        0.00956333        0.03363022        0.04591721        0.03984618        0.03222194        0.02363169        0.01444030        0.00486813 
        0.00931035        0.03285795        0.04491955        0.03897110        0.03150961        0.02310735        0.01411897        0.00475943 
        0.00906473        0.03210559        0.04394516        0.03811532        0.03081238        0.02259383        0.01380420        0.00465311 
        0.00882652        0.03137296        0.04299417        0.03727940        0.03013057        0.02209115        0.01349589        0.00454886 
        0.00859559        0.03065947        0.04206565        0.03646219        0.02946380        0.02159947        0.01319435        0.00444685 
        0.00837176        0.02996579        0.04115981        0.03566411        0.02881205        0.02111855        0.01289901        0.00434691 
        0.00815473        0.02929011        0.04027641        0.03488511        0.02817529        0.02064839        0.01261047        0.00424926 
        0.00794476        0.02863342        0.03941533        0.03412497        0.02755350        0.02018893        0.01232833        0.00415392 
        0.00774154        0.02799469        0.03857538        0.03338277        0.02694625        0.01974016        0.01205260        0.00406055 
        0.00754479        0.02737391        0.03775701        0.03265914        0.02635357        0.01930186        0.01178318        0.00396937 
        0.00735439        0.02677044        0.03695926        0.03195319        0.02577516        0.01887417        0.01152048        0.00388055 
        0.00717023        0.02618378        0.03618205        0.03126487        0.02521104        0.01845670        0.01126361        0.00379354 
        0.00699234        0.02561408        0.03542486        0.03059423        0.02466094        0.01804942        0.01101312        0.00370876 
        0.00682031        0.02506018        0.03468743        0.02994022        0.02412426        0.01765215        0.01076880        0.00362602 
        0.00665428        0.02452281        0.03396913        0.02930313        0.02360153        0.01726490        0.01053059        0.00354536 
        0.00649370        0.02400053        0.03326955        0.02868250        0.02309206        0.01688737        0.01029813        0.00346656 
        0.00633875        0.02349317        0.03258878        0.02807802        0.02259549        0.01651958        0.01007172        0.00338984 
        0.00618914        0.02300110        0.03192562        0.02748922        0.02211183        0.01616099        0.00985122        0.00331526 
        0.00604470        0.02252290        0.03128016        0.02691588        0.02164078        0.01581180        0.00963610        0.00324234 
        0.00590526        0.02205867        0.03065184        0.02635774        0.02118209        0.01547176        0.00942677        0.00317140 
        0.00577062        0.02160788        0.03004009        0.02581427        0.02073541        0.01514053        0.00922278        0.00310232 
        0.00564076        0.02117018        0.02944458        0.02528501        0.02030054        0.01481816        0.00902441        0.00303516 
        0.00551555        0.02074543        0.02886528        0.02477026        0.01987746        0.01450443        0.00883120        0.00296971 
        0.00539477        0.02033287        0.02830094        0.02426898        0.01946530        0.01419875        0.00864300        0.00290594 
        0.00527816        0.01993246        0.02775177        0.02378106        0.01906440        0.01390147        0.00846004        0.00284404 
        0.00516565        0.01954344        0.02721678        0.02330604        0.01867411        0.01361209        0.00828186        0.00278370 
        0.00505713        0.01916546        0.02669618        0.02284390        0.01829436        0.01333046        0.00810835        0.00272483 
        0.00495241        0.01879860        0.02618912        0.02239390        0.01792479        0.01305658        0.00793979        0.00266777 
        0.00485126        0.01844199        0.02569541        0.02195597        0.01756513        0.01278993        0.00777569        0.00261220 
        0.00475371        0.01809546        0.02521430        0.02152938        0.01721498        0.01253048        0.00761592        0.00255807 
        0.00465962        0.01775894        0.02474591        0.02111405        0.01687431        0.01227823        0.00746068        0.00250551 
        0.00456868        0.01743168        0.02428985        0.02071002        0.01654278        0.01203257        0.00730956        0.00245436 
        0.00448087        0.01711342        0.02384503        0.02031647        0.01622021        0.01179358        0.00716245        0.00240456 
        0.00439607        0.01680405        0.02341174        0.01993300        0.01590583        0.01156099        0.00701946        0.00235617 
        0.00431409        0.01650298        0.02298918        0.01955971        0.01560012        0.01133460        0.00688024        0.00230905 
        0.00423484        0.01620997        0.02257726        0.01919599        0.01530240        0.01111445        0.00674501        0.00226334 
        0.00415844        0.01592511        0.02217558        0.01884153        0.01501247        0.01090005        0.00661314        0.00221872 
        0.00408427        0.01564720        0.02178381        0.01849602        0.01472998        0.01069123        0.00648484        0.00217527 
        0.00401257        0.01537699        0.02140138        0.01815951        0.01445492        0.01048800        0.00635995        0.00213301 
        0.00394326        0.01511368        0.02102838        0.01783134        0.01418695        0.01029006        0.00623843        0.00209197 
        0.00387613        0.01485701        0.02066416        0.01751129        0.01392594        0.01009743        0.00612026        0.00205205 
        0.00381099        0.01460667        0.02030845        0.01719911        0.01367141        0.00990964        0.00600500        0.00201311 
        0.00374788        0.01436268        0.01996112        0.01689450        0.01342337        0.00972663        0.00589277        0.00197519 
        0.00368664        0.01412442        0.01962170        0.01659720        0.01318127        0.00954835        0.00578339        0.00193819 
        0.00362714        0.01389188        0.01929015        0.01630718        0.01294540        0.00937465        0.00567685        0.00190219 
        0.00356936        0.01366478        0.01896572        0.01602378        0.01271515        0.00920516        0.00557315        0.00186718 
        0.00351332        0.01344299        0.01864864        0.01574719        0.01249065        0.00904000        0.00547192        0.00183297 
        0.00345869        0.01322617        0.01833858        0.01547679        0.01227134        0.00887881        0.00537331        0.00179975 
        0.00340568        0.01301438        0.01803496        0.01521264        0.01205735        0.00872160        0.00527705        0.00176724 
        0.00335389        0.01280685        0.01773788        0.01495436        0.01184827        0.00856811        0.00518321        0.00173560 
        0.00330357        0.01260406        0.01744689        0.01470201        0.01164415        0.00841825        0.00509147        0.00170464 
        0.00325441        0.01240548        0.01716202        0.01445487        0.01144442        0.00827195        0.00500220        0.00167456 
        0.00320654        0.01221097        0.01688272        0.01421325        0.01124953        0.00812906        0.00491481        0.00164510 
        0.00315970        0.01202038        0.01660894        0.01397675        0.01105872        0.00798932        0.00482953        0.00161635 
        0.00311389        0.01183350        0.01634063        0.01374513        0.01087205        0.00785273        0.00474620        0.00158830 
        0.00306924        0.01165047        0.01607768        0.01351821        0.01068950        0.00771925        0.00466470        0.00156083 
        0.00302551        0.01147088        0.01581949        0.01329598        0.01051082        0.00758867        0.00458519        0.00153410 
        0.00298259        0.01129438        0.01556620        0.01307818        0.01033589        0.00746088        0.00450730        0.00150791 
        0.00294057        0.01112135        0.01531747        0.01286468        0.01016454        0.00733593        0.00443123        0.00148232 
        0.00289939        0.01095128        0.01507337        0.01265532        0.00999670        0.00721359        0.00435677        0.00145724 
        0.00285906        0.01078434        0.01483357        0.01245004        0.00983225        0.00709367        0.00428376        0.00143266 
        0.00281940        0.01062015        0.01459804        0.01224852        0.00967100        0.00697637        0.00421241        0.00140870 
        0.00278040        0.01045874        0.01436654        0.01205070        0.00951287        0.00686121        0.00414243        0.00138519 
        0.00274215        0.01030014        0.01413925        0.01185675        0.00935782        0.00674839        0.00407386        0.00136217 
        0.00270447        0.01014397        0.01391542        0.01166610        0.00920576        0.00663783        0.00400676        0.00133964 
        0.00266741        0.00999029        0.01369539        0.01147878        0.00905633        0.00652929        0.00394072        0.00131743 
        0.00263091        0.00983898        0.01347888        0.01129465        0.00890972        0.00642294        0.00387624        0.00129579 
        0.00259493        0.00969011        0.01326597        0.01111379        0.00876580        0.00631845        0.00381291        0.00127453 
        0.00255949        0.00954348        0.01305647        0.01093610        0.00862440        0.00621590        0.00375070        0.00125368 
        0.00252453        0.00939886        0.01285020        0.01076134        0.00848542        0.00611521        0.00368965        0.00123320 
        0.00249001        0.00925638        0.01264723        0.01058941        0.00834890        0.00601637        0.00362982        0.00121313 
        0.00245595        0.00911602        0.01244716        0.01042029        0.00821468        0.00591917        0.00357093        0.00119337 
        0.00242237        0.00897769        0.01225027        0.01025389        0.00808270        0.00582363        0.00351305        0.00117398 
        0.00238921        0.00884126        0.01205622        0.01009008        0.00795284        0.00572973        0.00345632        0.00115497 
        0.00235631        0.00870658        0.01186516        0.00992896        0.00782526        0.00563751        0.00340046        0.00113624 
        0.00232394        0.00857382        0.01167680        0.00977023        0.00769965        0.00554679        0.00334565        0.00111791 
        0.00229185        0.00844281        0.01149128        0.00961401        0.00757605        0.00545748        0.00329161        0.00109981 
        0.00226017        0.00831355        0.01130842        0.00946008        0.00745441        0.00536977        0.00323859        0.00108204 
        0.00222883        0.00818604        0.01112808        0.00930850        0.00733469        0.00528333        0.00318633        0.00106454 
        0.00219774        0.00806005        0.01095027        0.00915918        0.00721678        0.00519831        0.00313501        0.00104736 
        0.00216703        0.00793582        0.01077496        0.00901202        0.00710057        0.00511447        0.00308444        0.00103047 
        0.00213669        0.00781316        0.01060218        0.00886713        0.00698628        0.00503206        0.00303468        0.00101387 
        0.00210656        0.00769192        0.01043185        0.00872426        0.00687361        0.00495093        0.00298573        0.00099746 
        0.00207680        0.00757234        0.01026381        0.00858343        0.00676263        0.00487097        0.00293738        0.00098124 
        0.00204727        0.00745417        0.01009808        0.00844471        0.00665332        0.00479223        0.00288993        0.00096542 
        0.00201806        0.00733761        0.00993471        0.00830788        0.00654548        0.00471461        0.00284311        0.00094977 
        0.00198913        0.00722233        0.00977337        0.00817294        0.00643933        0.00463822        0.00279701        0.00093431 
        0.00196046        0.00710864        0.00961448        0.00804001        0.00633466        0.00456285        0.00275159        0.00091915 
        0.00193211        0.00699627        0.00945759        0.00790890        0.00623151        0.00448867        0.00270687        0.00090420 
        0.00190395        0.00688529        0.00930282        0.00777962        0.00612981        0.00441545        0.00266273        0.00088947 
        0.00187606        0.00677560        0.00915023        0.00765217        0.00602957        0.00434341        0.00261933        0.00087494 
        0.00184846        0.00666733        0.00899953        0.00752634        0.00593070        0.00427235        0.00257653        0.00086066 
        0.00182119        0.00656049        0.00885102        0.00740238        0.00583323        0.00420225        0.00253427        0.00084655 
        0.00179403        0.00645484        0.00870454        0.00728017        0.00573717        0.00413318        0.00249267        0.00083264 
        0.00176722        0.00635049        0.00855987        0.00715949        0.00564237        0.00406508        0.00245170        0.00081897 
        0.00174062        0.00624745        0.00841722        0.00704059        0.00554886        0.00399792        0.00241125        0.00080545 
        0.00171433        0.00614570        0.00827653        0.00692323        0.00545679        0.00393178        0.00237142        0.00079214 
        0.00168826        0.00604529        0.00813773        0.00680763        0.00536598        0.00386643        0.00233205        0.00077900 
        0.00166246        0.00594597        0.00800079        0.00669345        0.00527637        0.00380215        0.00229334        0.00076606 
        0.00163684        0.00584795        0.00786583        0.00658095        0.00518798        0.00373863        0.00225511        0.00075332 
        0.00161156        0.00575121        0.00773254        0.00646996        0.00510087        0.00367605        0.00221740        0.00074071 
        0.00158644        0.00565560        0.00760111        0.00636049        0.00501491        0.00361433        0.00218021        0.00072826 
        0.00156164        0.00556130        0.00747150        0.00625257        0.00493020        0.00355349        0.00214367        0.00071610 
        0.00153707        0.00546810        0.00734368        0.00614613        0.00484665        0.00349349        0.00210750        0.00070402 
        0.00151268        0.00537609        0.00721759        0.00604112        0.00476421        0.00343421        0.00207183        0.00069210 
        0.00148863        0.00528531        0.00709321        0.00593758        0.00468302        0.00337594        0.00203672        0.00068038 
        0.00146478        0.00519564        0.00697058        0.00583547        0.00460283        0.00331842        0.00200213        0.00066883 
        0.00144120        0.00510722        0.00684969        0.00573479        0.00452383        0.00326169        0.00196795        0.00065742 
        0.00141786        0.00501983        0.00673052        0.00563560        0.00444598        0.00320568        0.00193423        0.00064617 
        0.00139476        0.00493369        0.00661287        0.00553773        0.00436921        0.00315055        0.00190109        0.00063512 
        0.00137191        0.00484856        0.00649694        0.00544117        0.00429340        0.00309619        0.00186832        0.00062415 
        0.00134931        0.00476471        0.00638273        0.00534613        0.00421876        0.00304252        0.00183606        0.00061341 
        0.00132697        0.00468189        0.00627005        0.00525234        0.00414518        0.00298972        0.00180426        0.00060278 
        0.00130484        0.00460014        0.00615898        0.00515988        0.00407265        0.00293760        0.00177290        0.00059233 
        0.00128300        0.00451955        0.00604952        0.00506874        0.00400112        0.00288623        0.00174194        0.00058198 
        0.00126135        0.00444005        0.00594163        0.00497899        0.00393064        0.00283557        0.00171147        0.00057182 
        0.00124003        0.00436161        0.00583538        0.00489050        0.00386115        0.00278567        0.00168139        0.00056179 
        0.00121893        0.00428431        0.00573055        0.00480326        0.00379267        0.00273648        0.00165179        0.00055189 
        0.00119807        0.00420802        0.00562732        0.00471728        0.00372520        0.00268803        0.00162261        0.00054214 
        0.00117745        0.00413277        0.00552555        0.00463256        0.00365866        0.00264020        0.00159383        0.00053253 
        0.00115708        0.00405861        0.00542529        0.00454910        0.00359315        0.00259311        0.00156548        0.00052308 
        0.00113698        0.00398552        0.00532655        0.00446686        0.00352852        0.00254671        0.00153757        0.00051377 
        0.00111712        0.00391341        0.00522920        0.00438583        0.00346493        0.00250097        0.00151002        0.00050458 
        0.00109750        0.00384235        0.00513340        0.00430602        0.00340223        0.00245591        0.00148286        0.00049550 
        0.00107810        0.00377234        0.00503898        0.00422739        0.00334046        0.00241154        0.00145617        0.00048660 
        0.00105896        0.00370333        0.00494605        0.00414996        0.00327964        0.00236782        0.00142983        0.00047781 
        0.00104010        0.00363531        0.00485442        0.00407365        0.00321973        0.00232477        0.00140389        0.00046914 
        0.00102146        0.00356833        0.00476432        0.00399854        0.00316069        0.00228237        0.00137838        0.00046062 
        0.00100303        0.00350226        0.00467554        0.00392460        0.00310255        0.00224052        0.00135316        0.00045221 
        0.00098491        0.00343721        0.00458816        0.00385177        0.00304534        0.00219942        0.00132838        0.00044392 
        0.00096700        0.00337315        0.00450203        0.00378002        0.00298896        0.00215890        0.00130402        0.00043580 
        0.00094930        0.00330996        0.00441734        0.00370946        0.00293346        0.00211900        0.00127996        0.00042776 
        0.00093189        0.00324785        0.00433388        0.00363992        0.00287884        0.00207969        0.00125629        0.00041987 
        0.00091473        0.00318660        0.00425182        0.00357148        0.00282501        0.00204098        0.00123298        0.00041209 
        0.00089773        0.00312629        0.00417103        0.00350412        0.00277204        0.00200286        0.00120999        0.00040440 
        0.00088101        0.00306692        0.00409150        0.00343778        0.00271989        0.00196538        0.00118742        0.00039687 
        0.00086453        0.00300847        0.00401318        0.00337251        0.00266858        0.00192847        0.00116520        0.00038945 
        0.00084827        0.00295088        0.00393622        0.00330834        0.00261809        0.00189211        0.00114327        0.00038213 
        0.00083227        0.00289426        0.00386045        0.00324512        0.00256836        0.00185635        0.00112171        0.00037492 
        0.00081648        0.00283850        0.00378589        0.00318293        0.00251944        0.00182116        0.00110051        0.00036784 
        0.00080091        0.00278362        0.00371256        0.00312175        0.00247131        0.00178649        0.00107958        0.00036085 
        0.00078560        0.00272961        0.00364046        0.00306155        0.00242393        0.00175243        0.00105908        0.00035401 
        0.00077051        0.00267646        0.00356944        0.00300230        0.00237732        0.00171888        0.00103886        0.00034726 
        0.00075561        0.00262416        0.00349965        0.00294406        0.00233149        0.00168589        0.00101897        0.00034062 
        0.00074095        0.00257269        0.00343099        0.00288677        0.00228639        0.00165342        0.00099941        0.00033408 
        0.00072653        0.00252210        0.00336348        0.00283037        0.00224198        0.00162146        0.00098016        0.00032767 
        0.00071233        0.00247231        0.00329708        0.00277494        0.00219832        0.00159004        0.00096123        0.00032133 
        0.00069834        0.00242332        0.00323183        0.00272044        0.00215543        0.00155914        0.00094257        0.00031510 
        0.00068455        0.00237514        0.00316766        0.00266685        0.00211322        0.00152872        0.00092425        0.00030900 
        0.00067100        0.00232776        0.00310454        0.00261414        0.00207171        0.00149883        0.00090623        0.00030298 
        0.00065765        0.00228117        0.00304252        0.00256232        0.00203088        0.00146943        0.00088850        0.00029704 
        0.00064450        0.00223534        0.00298153        0.00251138        0.00199076        0.00144052        0.00087105        0.00029122 
        0.00063158        0.00219030        0.00292159        0.00246127        0.00195129        0.00141209        0.00085392        0.00028550 
        0.00061886        0.00214603        0.00286270        0.00241207        0.00191251        0.00138414        0.00083705        0.00027987 
        0.00060633        0.00210248        0.00280481        0.00236369        0.00187436        0.00135666        0.00082049        0.00027434 
        0.00059401        0.00205968        0.00274791        0.00231608        0.00183687        0.00132966        0.00080421        0.00026890 
        0.00058189        0.00201762        0.00269195        0.00226932        0.00180001        0.00130309        0.00078817        0.00026354 
        0.00056997        0.00197628        0.00263703        0.00222341        0.00176381        0.00127699        0.00077242        0.00025827 
        0.00055826        0.00193565        0.00258310        0.00217829        0.00172823        0.00125135        0.00075696        0.00025311 
        0.00054672        0.00189569        0.00253004        0.00213393        0.00169326        0.00122614        0.00074176        0.00024804 
        0.00053540        0.00185650        0.00247794        0.00209033        0.00165888        0.00120134        0.00072678        0.00024303 
        0.00052425        0.00181794        0.00242676        0.00204751        0.00162509        0.00117701        0.00071211        0.00023813 
        0.00051332        0.00178012        0.00237651        0.00200546        0.00159191        0.00115308        0.00069767        0.00023330 
        0.00050252        0.00174285        0.00232711        0.00196414        0.00155933        0.00112959        0.00068349        0.00022856 
        0.00049195        0.00170631        0.00227863        0.00192354        0.00152731        0.00110651        0.00066957        0.00022392 
        0.00048154        0.00167042        0.00223100        0.00188368        0.00149585        0.00108381        0.00065587        0.00021934 
        0.00047131        0.00163516        0.00218423        0.00184453        0.00146494        0.00106151        0.00064240        0.00021484 
        0.00046128        0.00160053        0.00213831        0.00180607        0.00143459        0.00103963        0.00062922        0.00021044 
        0.00045139        0.00156650        0.00209319        0.00176830        0.00140480        0.00101812        0.00061622        0.00020609 
        0.00044169        0.00153312        0.00204894        0.00173123        0.00137551        0.00099699        0.00060349        0.00020184 
        0.00043215        0.00150030        0.00200546        0.00169479        0.00134675        0.00097626        0.00059097        0.00019766 
        0.00042279        0.00146807        0.00196277        0.00165905        0.00131854        0.00095589        0.00057866        0.00019353 
        0.00041360        0.00143651        0.00192089        0.00162393        0.00129082        0.00093592        0.00056660        0.00018951 
        0.00040456        0.00140545        0.00187979        0.00158949        0.00126360        0.00091625        0.00055473        0.00018554 
        0.00039569        0.00137500        0.00183940        0.00155566        0.00123687        0.00089696        0.00054309        0.00018165 
        0.00038699        0.00134512        0.00179981        0.00152246        0.00121064        0.00087804        0.00053167        0.00017784 
        0.00037843        0.00131574        0.00176091        0.00148986        0.00118491        0.00085945        0.00052044        0.00017408 
        0.00037004        0.00128695        0.00172278        0.00145787        0.00115962        0.00084119        0.00050941        0.00017039 
        0.00036180        0.00125868        0.00168534        0.00142647        0.00113482        0.00082329        0.00049861        0.00016679 
        0.00035369        0.00123093        0.00164860        0.00139567        0.00111047        0.00080569        0.00048798        0.00016325 
        0.00034574        0.00120370        0.00161256        0.00136543        0.00108656        0.00078845        0.00047755        0.00015975 
        0.00033794        0.00117698        0.00157718        0.00133576        0.00106311        0.00077152        0.00046733        0.00015633 
        0.00033030        0.00115082        0.00154249        0.00130665        0.00104011        0.00075489        0.00045729        0.00015298 
        0.00032279        0.00112510        0.00150846        0.00127809        0.00101753        0.00073859        0.00044744        0.00014969 
        0.00031541        0.00109986        0.00147508        0.00125008        0.00099538        0.00072257        0.00043776        0.00014645 
        0.00030818        0.00107511        0.00144233        0.00122259        0.00097362        0.00070687        0.00042828        0.00014328 
        0.00030110        0.00105089        0.00141023        0.00119563        0.00095231        0.00069148        0.00041897        0.00014017 
        0.00029412        0.00102705        0.00137870        0.00116917        0.00093138        0.00067635        0.00040984        0.00013712 
        0.00028731        0.00100372        0.00134782        0.00114322        0.00091085        0.00066150        0.00040087        0.00013412 
        0.00028061        0.00098084        0.00131752        0.00111778        0.00089072        0.00064695        0.00039209        0.00013119 
        0.00027404        0.00095840        0.00128779        0.00109280        0.00087097        0.00063269        0.00038346        0.00012830 
        0.00026759        0.00093637        0.00125867        0.00106834        0.00085161        0.00061869        0.00037499        0.00012548 
        0.00026127        0.00091480        0.00123012        0.00104435        0.00083260        0.00060495        0.00036670        0.00012270 
        0.00025509        0.00089363        0.00120211        0.00102082        0.00081398        0.00059149        0.00035856        0.00011997 
        0.00024901        0.00087289        0.00117464        0.00099772        0.00079570        0.00057829        0.00035058        0.00011731 
        0.00024306        0.00085256        0.00114773        0.00097509        0.00077778        0.00056532        0.00034274        0.00011469 
        0.00023722        0.00083263        0.00112134        0.00095292        0.00076023        0.00055262        0.00033506        0.00011213 
        0.00023149        0.00081308        0.00109548        0.00093117        0.00074301        0.00054019        0.00032755        0.00010961 
        0.00022589        0.00079395        0.00107013        0.00090984        0.00072612        0.00052797        0.00032017        0.00010715 
        0.00022039        0.00077518        0.00104528        0.00088895        0.00070957        0.00051600        0.00031292        0.00010472 
        0.00021500        0.00075679        0.00102092        0.00086846        0.00069334        0.00050425        0.00030582        0.00010235 
        0.00020971        0.00073875        0.00099706        0.00084839        0.00067743        0.00049274        0.00029887        0.00010003 
        0.00020453        0.00072110        0.00097368        0.00082871        0.00066184        0.00048147        0.00029205        0.00009775 
        0.00019947        0.00070379        0.00095076        0.00080942        0.00064656        0.00047042        0.00028536        0.00009551 
        0.00019449        0.00068682        0.00092830        0.00079052        0.00063159        0.00045959        0.00027882        0.00009332 
        0.00018962        0.00067021        0.00090630        0.00077199        0.00061690        0.00044895        0.00027238        0.00009116 
        0.00018486        0.00065393        0.00088475        0.00075385        0.00060252        0.00043855        0.00026610        0.00008906 
        0.00018019        0.00063800        0.00086364        0.00073607        0.00058842        0.00042834        0.00025993        0.00008701 
        0.00017561        0.00062238        0.00084294        0.00071863        0.00057460        0.00041834        0.00025388        0.00008498 
        0.00017112        0.00060708        0.00082267        0.00070157        0.00056108        0.00040855        0.00024796        0.00008300 
        0.00016673        0.00059210        0.00080282        0.00068486        0.00054781        0.00039895        0.00024215        0.00008106 
        0.00016244        0.00057744        0.00078339        0.00066848        0.00053482        0.00038954        0.00023645        0.00007915 
        0.00015824        0.00056307        0.00076433        0.00065242        0.00052209        0.00038033        0.00023088        0.00007729 
        0.00015411        0.00054898        0.00074569        0.00063671        0.00050962        0.00037130        0.00022542        0.00007546 
        0.00015008        0.00053523        0.00072743        0.00062130        0.00049740        0.00036245        0.00022006        0.00007367 
        0.00014613        0.00052173        0.00070955        0.00060623        0.00048544        0.00035379        0.00021484        0.00007193 
        0.00014226        0.00050852        0.00069205        0.00059146        0.00047372        0.00034530        0.00020969        0.00007021 
        0.00013848        0.00049560        0.00067488        0.00057700        0.00046225        0.00033700        0.00020466        0.00006852 
        0.00013477        0.00048294        0.00065810        0.00056284        0.00045100        0.00032885        0.00019974        0.00006688 
        0.00013114        0.00047055        0.00064166        0.00054897        0.00043999        0.00032087        0.00019491        0.00006526 
        0.00012760        0.00045843        0.00062557        0.00053539        0.00042922        0.00031307        0.00019019        0.00006368 
        0.00012413        0.00044657        0.00060983        0.00052211        0.00041866        0.00030542        0.00018555        0.00006213 
        0.00012073        0.00043494        0.00059441        0.00050909        0.00040832        0.00029792        0.00018102        0.00006061 
        0.00011741        0.00042359        0.00057932        0.00049634        0.00039820        0.00029060        0.00017659        0.00005913 
        0.00011415        0.00041246        0.00056455        0.00048387        0.00038829        0.00028341        0.00017224        0.00005768 
        0.00011098        0.00040158        0.00055010        0.00047167        0.00037860        0.00027639        0.00016799        0.00005626 
        0.00010786        0.00039092        0.00053594        0.00045973        0.00036911        0.00026951        0.00016382        0.00005486 
        0.00010481        0.00038050        0.00052211        0.00044803        0.00035981        0.00026277        0.00015973        0.00005349 
        0.00010184        0.00037031        0.00050856        0.00043658        0.00035072        0.00025617        0.00015574        0.00005216 
        0.00009893        0.00036034        0.00049530        0.00042537        0.00034181        0.00024971        0.00015184        0.00005085 
        0.00009608        0.00035059        0.00048233        0.00041442        0.00033310        0.00024340        0.00014802        0.00004958 
        0.00009330        0.00034105        0.00046965        0.00040369        0.00032457        0.00023721        0.00014426        0.00004832 
        0.00009057        0.00033172        0.00045723        0.00039319        0.00031622        0.00023116        0.00014060        0.00004709 
        0.00008791        0.00032259        0.00044509        0.00038292        0.00030806        0.00022523        0.00013701        0.00004590 
        0.00008531        0.00031367        0.00043322        0.00037288        0.00030007        0.00021943        0.00013350        0.00004472 
        0.00008277        0.00030494        0.00042161        0.00036305        0.00029225        0.00021377        0.00013007        0.00004357 
        0.00008028        0.00029640        0.00041024        0.00035344        0.00028460        0.00020822        0.00012671        0.00004245 
        0.00007785        0.00028806        0.00039913        0.00034403        0.00027711        0.00020278        0.00012341        0.00004134 
        0.00007549        0.00027991        0.00038826        0.00033483        0.00026980        0.00019747        0.00012020        0.00004027 
        0.00007316        0.00027193        0.00037764        0.00032584        0.00026264        0.00019228        0.00011705        0.00003922 
        0.00007089        0.00026414        0.00036725        0.00031704        0.00025564        0.00018720        0.00011397        0.00003818 
        0.00006868        0.00025651        0.00035708        0.00030843        0.00024878        0.00018222        0.00011096        0.00003718 
        0.00006652        0.00024907        0.00034715        0.00030001        0.00024208        0.00017735        0.00010801        0.00003619 
        0.00006440        0.00024179        0.00033744        0.00029179        0.00023553        0.00017260        0.00010513        0.00003523 
        0.00006234        0.00023467        0.00032796        0.00028375        0.00022913        0.00016795        0.00010231        0.00003428 
        0.00006032        0.00022773        0.00031868        0.00027588        0.00022285        0.00016340        0.00009955        0.00003336 
        0.00005836        0.00022093        0.00030961        0.00026820        0.00021673        0.00015895        0.00009686        0.00003246 
        0.00005643        0.00021431        0.00030074        0.00026067        0.00021074        0.00015460        0.00009422        0.00003158 
        0.00005456        0.00020782        0.00029208        0.00025333        0.00020489        0.00015035        0.00009164        0.00003071 
        0.00005273        0.00020149        0.00028362        0.00024614        0.00019916        0.00014619        0.00008912        0.00002987 
        0.00005094        0.00019531        0.00027535        0.00023912        0.00019357        0.00014212        0.00008665        0.00002904 
        0.00004919        0.00018926        0.00026726        0.00023226        0.00018810        0.00013814        0.00008425        0.00002824 
        0.00004748        0.00018336        0.00025936        0.00022556        0.00018275        0.00013426        0.00008189        0.00002745 
        0.00004582        0.00017760        0.00025164        0.00021901        0.00017752        0.00013046        0.00007959        0.00002668 
        0.00004419        0.00017197        0.00024411        0.00021260        0.00017242        0.00012675        0.00007734        0.00002593 
        0.00004261        0.00016647        0.00023674        0.00020635        0.00016743        0.00012312        0.00007514        0.00002519 
        0.00004107        0.00016111        0.00022955        0.00020024        0.00016255        0.00011958        0.00007299        0.00002447 
        0.00003956        0.00015587        0.00022253        0.00019427        0.00015778        0.00011611        0.00007089        0.00002377 
        0.00003809        0.00015076        0.00021567        0.00018843        0.00015313        0.00011272        0.00006883        0.00002308 
        0.00003665        0.00014577        0.00020897        0.00018274        0.00014858        0.00010942        0.00006683        0.00002241 
        0.00003525        0.00014089        0.00020243        0.00017717        0.00014414        0.00010619        0.00006487        0.00002175 
        0.00003389        0.00013615        0.00019605        0.00017174        0.00013980        0.00010303        0.00006295        0.00002112 
        0.00003256        0.00013151        0.00018980        0.00016643        0.00013556        0.00009995        0.00006108        0.00002049 
        0.00003126        0.00012698        0.00018372        0.00016125        0.00013142        0.00009693        0.00005926        0.00001988 
        0.00003000        0.00012256        0.00017778        0.00015619        0.00012738        0.00009399        0.00005747        0.00001928 
        0.00002877        0.00011826        0.00017197        0.00015125        0.00012343        0.00009112        0.00005573        0.00001870 
        0.00002757        0.00011406        0.00016632        0.00014643        0.00011958        0.00008832        0.00005403        0.00001812 
        0.00002640        0.00010995        0.00016079        0.00014172        0.00011581        0.00008557        0.00005236        0.00001757 
        0.00002526        0.00010596        0.00015541        0.00013713        0.00011214        0.00008290        0.00005074        0.00001702 
        0.00002414        0.00010206        0.00015014        0.00013264        0.00010855        0.00008029        0.00004915        0.00001649 
        0.00002306        0.00009825        0.00014501        0.00012826        0.00010505        0.00007773        0.00004760        0.00001598 
        0.00002201        0.00009454        0.00014000        0.00012399        0.00010163        0.00007524        0.00004609        0.00001547 
        0.00002098        0.00009094        0.00013511        0.00011982        0.00009829        0.00007281        0.00004462        0.00001497 
        0.00001998        0.00008741        0.00013035        0.00011576        0.00009504        0.00007044        0.00004318        0.00001449 
        0.00001901        0.00008397        0.00012571        0.00011179        0.00009186        0.00006813        0.00004177        0.00001402 
        0.00001806        0.00008062        0.00012117        0.00010791        0.00008876        0.00006586        0.00004040        0.00001356 
        0.00001714        0.00007736        0.00011675        0.00010414        0.00008574        0.00006366        0.00003906        0.00001311 
        0.00001624        0.00007419        0.00011244        0.00010045        0.00008278        0.00006151        0.00003775        0.00001268 
        0.00001537        0.00007109        0.00010823        0.00009686        0.00007991        0.00005941        0.00003648        0.00001225 
        0.00001452        0.00006807        0.00010414        0.00009336        0.00007710        0.00005737        0.00003524        0.00001184 
        0.00001369        0.00006513        0.00010015        0.00008994        0.00007436        0.00005537        0.00003402        0.00001143 
        0.00001289        0.00006227        0.00009626        0.00008661        0.00007169        0.00005342        0.00003284        0.00001103 
        0.00001211        0.00005949        0.00009246        0.00008336        0.00006909        0.00005151        0.00003168        0.00001064 
        0.00001134        0.00005677        0.00008877        0.00008020        0.00006654        0.00004966        0.00003056        0.00001027 
        0.00001060        0.00005412        0.00008517        0.00007711        0.00006407        0.00004785        0.00002946        0.00000990 
        0.00000989        0.00005155        0.00008166        0.00007410        0.00006165        0.00004609        0.00002839        0.00000954 
        0.00000919        0.00004905        0.00007824        0.00007117        0.00005930        0.00004438        0.00002735        0.00000919 
        0.00000851        0.00004661        0.00007491        0.00006832        0.00005701        0.00004270        0.00002632        0.00000885 
        0.00000785        0.00004424        0.00007167        0.00006553        0.00005477        0.00004107        0.00002533        0.00000852 
        0.00000721        0.00004194        0.00006851        0.00006282        0.00005259        0.00003948        0.00002436        0.00000819 
        0.00000659        0.00003969        0.00006543        0.00006018        0.00005047        0.00003793        0.00002342        0.00000788 
        0.00000598        0.00003750        0.00006244        0.00005761        0.00004840        0.00003641        0.00002250        0.00000757 
