        0.00000000        0.00000000        0.00000000        0.00000000        0.00000000        0.00000000        0.00000000 
        0.00000000        0.00000000        0.00000000        0.00000000        0.00000000        0.00000000        0.00000000 
        0.00000000        0.00000000        0.00000000        0.00000000        0.00000000        0.00000000        0.00000000 
        0.00000000        0.00000000        0.00000000        0.00000000        0.00000000        0.00000000        0.00000000 
        0.00000000        0.00000000        0.00000000        0.00000000        0.00000000        0.00000000        0.00000000 
        0.00000000        0.00000000        0.00000000        0.00000000        0.00000000        0.00000000        0.00000000 
        0.00000000        0.00000000        0.00000000       -0.00000000        0.00000000        0.00000000        0.00000000 
        0.00000000        0.00000000       -0.00000000       -0.00000000        0.00000000        0.00000000        0.00000000 
        0.00000000        0.00000000       -0.00000000       -0.00000000        0.00000000        0.00000000        0.00000000 
        0.00000000       -0.00000000        0.00000000       -0.00000000        0.00000000        0.00000000        0.00000000 
       -0.00000000       -0.00000000        0.00000000       -0.00000000        0.00000000        0.00000000        0.00000000 
       -0.00000000       -0.00000000        0.00000000       -0.00000000        0.00000000        0.00000000        0.00000000 
       -0.00000000        0.00000000        0.00000000       -0.00000000        0.00000000        0.00000000        0.00000000 
       -0.00000000        0.00000000        0.00000000       -0.00000000        0.00000000        0.00000000        0.00000000 
        0.00000000        0.00000000       -0.00000000       -0.00000000        0.00000000        0.00000000        0.00000000 
        0.00000000        0.00000000       -0.00000000       -0.00000000        0.00000000        0.00000000        0.00000000 
        0.00000000        0.00000000       -0.00000000       -0.00000000        0.00000000        0.00000000        0.00000000 
        0.00000000        0.00000000       -0.00000000       -0.00000000        0.00000000        0.00000000        0.00000000 
        0.00000000        0.00000000       -0.00000000       -0.00000000        0.00000000        0.00000000        0.00000000 
        0.00000000        0.00000000       -0.00000000       -0.00000000        0.00000000        0.00000000        0.00000000 
        0.00000000        0.00000000       -0.00000000       -0.00000000        0.00000000        0.00000000        0.00000000 
        0.00000000        0.00000000       -0.00000000       -0.00000000        0.00000000        0.00000000        0.00000000 
        0.00000000        0.00000000       -0.00000000       -0.00000000        0.00000000        0.00000000        0.00000000 
        0.00000000        0.00000000       -0.00000000       -0.00000000        0.00000000        0.00000000        0.00000000 
        0.00000000        0.00000000       -0.00000000       -0.00000000        0.00000000        0.00000000        0.00000000 
        0.00000000        0.00000000       -0.00000000       -0.00000000        0.00000000        0.00000000        0.00000000 
        0.00000000        0.00000000       -0.00000000       -0.00000000        0.00000000        0.00000000        0.00000000 
        0.00000000        0.00000000       -0.00000000       -0.00000000        0.00000000        0.00000000        0.00000000 
        0.00000000        0.00000000       -0.00000000       -0.00000000        0.00000000        0.00000000        0.00000000 
        0.00000000        0.00000000       -0.00000000       -0.00000000        0.00000000        0.00000000        0.00000000 
        0.00000000        0.00000000       -0.00000000       -0.00000000        0.00000000        0.00000000        0.00000000 
        0.00000000        0.00000000       -0.00000000       -0.00000000        0.00000000        0.00000000        0.00000000 
        0.00000000        0.00000000       -0.00000000       -0.00000000        0.00000000        0.00000000        0.00000000 
        0.00000000        0.00000000       -0.00000000       -0.00000000        0.00000000        0.00000000        0.00000000 
        0.00000000        0.00000000       -0.00000000       -0.00000000        0.00000000        0.00000000        0.00000000 
        0.00000000        0.00000000       -0.00000000       -0.00000000        0.00000000        0.00000000        0.00000000 
        0.00000000        0.00000000       -0.00000000       -0.00000000        0.00000000        0.00000000        0.00000000 
        0.00000000        0.00000000       -0.00000000       -0.00000000        0.00000000        0.00000000        0.00000000 
        0.00000000        0.00000000       -0.00000000       -0.00000000        0.00000000        0.00000000        0.00000000 
        0.00000000        0.00000000       -0.00000000       -0.00000000        0.00000000        0.00000000        0.00000000 
        0.00000000        0.00000000       -0.00000000       -0.00000000        0.00000000        0.00000000        0.00000000 
        0.00000000        0.00000000       -0.00000000       -0.00000000        0.00000000        0.00000000        0.00000000 
        0.00000000        0.00000000       -0.00000000       -0.00000000        0.00000000        0.00000000        0.00000000 
        0.00000000        0.00000000       -0.00000000       -0.00000000        0.00000000        0.00000000        0.00000000 
        0.00000000        0.00000000       -0.00000000       -0.00000000        0.00000000        0.00000000        0.00000000 
        0.00000000        0.00000000       -0.00000000       -0.00000000        0.00000000        0.00000000        0.00000000 
        0.00000000        0.00000000       -0.00000000       -0.00000000        0.00000000        0.00000000        0.00000000 
        0.00000000        0.00000000       -0.00000000       -0.00000000        0.00000000        0.00000000        0.00000000 
        0.00000000        0.00000000       -0.00000000       -0.00000000        0.00000000        0.00000000        0.00000000 
        0.00000000        0.00000000       -0.00000000       -0.00000000        0.00000000        0.00000000        0.00000000 
        0.00000000        0.00000000       -0.00000000       -0.00000000        0.00000000        0.00000000        0.00000000 
        0.00000000        0.00000000       -0.00000000       -0.00000000        0.00000000        0.00000000        0.00000000 
        0.00000000        0.00000000       -0.00000000       -0.00000000        0.00000000        0.00000000        0.00000000 
        0.00000000        0.00000000       -0.00000000       -0.00000000        0.00000000        0.00000000        0.00000000 
        0.00000000        0.00000000       -0.00000000       -0.00000000        0.00000000        0.00000000        0.00000000 
        0.00000000        0.00000000       -0.00000000       -0.00000000        0.00000000        0.00000000        0.00000000 
        0.00000000        0.00000000       -0.00000000       -0.00000000        0.00000000        0.00000000        0.00000000 
        0.00000000        0.00000000       -0.00000000       -0.00000000        0.00000000        0.00000000        0.00000000 
        0.00000000        0.00000000       -0.00000000       -0.00000000        0.00000000        0.00000000        0.00000000 
        0.00000000        0.00000000       -0.00000000       -0.00000000        0.00000000        0.00000000        0.00000000 
        0.00000000        0.00000000       -0.00000000       -0.00000000        0.00000000        0.00000000        0.00000000 
        0.00000000        0.00000000       -0.00000000       -0.00000000        0.00000000        0.00000000        0.00000000 
        0.00000000        0.00000000       -0.00000000        0.00000000        0.00000000        0.00000001        0.00000000 
        0.00000000        0.00000000       -0.00000000        0.00000000        0.00000001        0.00000001        0.00000000 
        0.00000000        0.00000000       -0.00000000        0.00000000        0.00000001        0.00000001        0.00000000 
        0.00000000        0.00000000       -0.00000000        0.00000000        0.00000001        0.00000001        0.00000000 
        0.00000000        0.00000000       -0.00000000        0.00000000        0.00000001        0.00000001        0.00000000 
        0.00000000        0.00000000       -0.00000000        0.00000000        0.00000001        0.00000002        0.00000000 
        0.00000000        0.00000000       -0.00000000        0.00000000        0.00000002        0.00000002        0.00000000 
        0.00000000        0.00000000       -0.00000000        0.00000000        0.00000002        0.00000003        0.00000001 
        0.00000000        0.00000000       -0.00000000        0.00000000        0.00000002        0.00000003        0.00000001 
        0.00000000        0.00000000       -0.00000000        0.00000000        0.00000003        0.00000004        0.00000001 
        0.00000000        0.00000000       -0.00000000        0.00000000        0.00000004        0.00000005        0.00000001 
        0.00000000        0.00000000       -0.00000000        0.00000000        0.00000005        0.00000006        0.00000001 
        0.00000000        0.00000000       -0.00000000        0.00000000        0.00000006        0.00000007        0.00000001 
        0.00000000        0.00000000       -0.00000000        0.00000000        0.00000007        0.00000009        0.00000002 
        0.00000000        0.00000000       -0.00000000        0.00000000        0.00000008        0.00000011        0.00000002 
        0.00000000        0.00000000       -0.00000000        0.00000000        0.00000010        0.00000013        0.00000003 
        0.00000000        0.00000000       -0.00000000        0.00000000        0.00000013        0.00000016        0.00000003 
        0.00000000        0.00000000       -0.00000000        0.00000000        0.00000015        0.00000020        0.00000004 
        0.00000000        0.00000000       -0.00000000        0.00000000        0.00000019        0.00000024        0.00000005 
        0.00000000        0.00000000       -0.00000000        0.00000000        0.00000023        0.00000029        0.00000006 
        0.00000000        0.00000000       -0.00000000        0.00000000        0.00000028        0.00000035        0.00000008 
        0.00000000        0.00000000       -0.00000000        0.00000001        0.00000033        0.00000043        0.00000009 
        0.00000000        0.00000000       -0.00000000        0.00000001        0.00000040        0.00000052        0.00000011 
        0.00000000        0.00000000       -0.00000000        0.00000001        0.00000049        0.00000063        0.00000014 
        0.00000000        0.00000000       -0.00000000        0.00000001        0.00000059        0.00000075        0.00000016 
        0.00000000        0.00000000       -0.00000000        0.00000001        0.00000071        0.00000091        0.00000020 
        0.00000000        0.00000000       -0.00000000        0.00000002        0.00000085        0.00000109        0.00000024 
        0.00000000        0.00000000       -0.00000000        0.00000002        0.00000102        0.00000131        0.00000029 
        0.00000000        0.00000000       -0.00000000        0.00000003        0.00000122        0.00000157        0.00000035 
        0.00000000        0.00000000       -0.00000000        0.00000003        0.00000146        0.00000188        0.00000042 
        0.00000000        0.00000000       -0.00000000        0.00000004        0.00000174        0.00000225        0.00000051 
        0.00000000        0.00000000       -0.00000000        0.00000005        0.00000208        0.00000268        0.00000061 
        0.00000000        0.00000000       -0.00000000        0.00000007        0.00000247        0.00000319        0.00000073 
        0.00000000        0.00000000       -0.00000000        0.00000008        0.00000294        0.00000380        0.00000087 
        0.00000000        0.00000000        0.00000000        0.00000010        0.00000349        0.00000451        0.00000104 
        0.00000000        0.00000001        0.00000000        0.00000013        0.00000414        0.00000535        0.00000123 
        0.00000000        0.00000001        0.00000000        0.00000016        0.00000490        0.00000634        0.00000147 
        0.00000000        0.00000001        0.00000000        0.00000019        0.00000580        0.00000750        0.00000175 
        0.00000000        0.00000000       -0.00000000        0.00000022        0.00000682        0.00000884        0.00000206 
        0.00000000        0.00000000       -0.00000001        0.00000026        0.00000802        0.00001040        0.00000244 
        0.00000000        0.00000000       -0.00000001        0.00000032        0.00000945        0.00001224        0.00000289 
        0.00000000        0.00000001       -0.00000001        0.00000039        0.00001110        0.00001440        0.00000341 
        0.00000000        0.00000001       -0.00000001        0.00000048        0.00001303        0.00001690        0.00000402 
        0.00000001        0.00000001       -0.00000000        0.00000058        0.00001528        0.00001981        0.00000474 
        0.00000001        0.00000001        0.00000000        0.00000071        0.00001788        0.00002320        0.00000557 
        0.00000001        0.00000002        0.00000001        0.00000086        0.00002090        0.00002711        0.00000654 
        0.00000001        0.00000002        0.00000001        0.00000104        0.00002439        0.00003164        0.00000767 
        0.00000001        0.00000003        0.00000003        0.00000126        0.00002843        0.00003688        0.00000898 
        0.00000002        0.00000004        0.00000004        0.00000152        0.00003308        0.00004292        0.00001050 
        0.00000002        0.00000004        0.00000006        0.00000183        0.00003844        0.00004987        0.00001226 
        0.00000003        0.00000006        0.00000008        0.00000220        0.00004461        0.00005786        0.00001429 
        0.00000003        0.00000007        0.00000011        0.00000265        0.00005168        0.00006704        0.00001663 
        0.00000004        0.00000009        0.00000015        0.00000317        0.00005980        0.00007755        0.00001933 
        0.00000005        0.00000011        0.00000020        0.00000379        0.00006909        0.00008959        0.00002243 
        0.00000006        0.00000013        0.00000026        0.00000452        0.00007970        0.00010334        0.00002599 
        0.00000007        0.00000016        0.00000034        0.00000539        0.00009182        0.00011902        0.00003007 
        0.00000008        0.00000020        0.00000044        0.00000641        0.00010562        0.00013688        0.00003474 
        0.00000010        0.00000025        0.00000055        0.00000760        0.00012133        0.00015720        0.00004007 
        0.00000012        0.00000030        0.00000070        0.00000901        0.00013917        0.00018027        0.00004616 
        0.00000014        0.00000037        0.00000087        0.00001065        0.00015941        0.00020642        0.00005309 
        0.00000016        0.00000044        0.00000109        0.00001257        0.00018234        0.00023601        0.00006096 
        0.00000020        0.00000054        0.00000135        0.00001481        0.00020825        0.00026946        0.00006991 
        0.00000023        0.00000065        0.00000166        0.00001742        0.00023752        0.00030719        0.00008004 
        0.00000028        0.00000078        0.00000204        0.00002045        0.00027051        0.00034970        0.00009151 
        0.00000033        0.00000094        0.00000249        0.00002396        0.00030764        0.00039751        0.00010447 
        0.00000039        0.00000113        0.00000303        0.00002803        0.00034938        0.00045120        0.00011909 
        0.00000046        0.00000135        0.00000368        0.00003274        0.00039621        0.00051139        0.00013555 
        0.00000054        0.00000161        0.00000445        0.00003817        0.00044869        0.00057877        0.00015405 
        0.00000064        0.00000192        0.00000536        0.00004443        0.00050739        0.00065408        0.00017483 
        0.00000075        0.00000228        0.00000644        0.00005163        0.00057296        0.00073811        0.00019812 
        0.00000088        0.00000271        0.00000771        0.00005989        0.00064609        0.00083173        0.00022417 
        0.00000104        0.00000321        0.00000921        0.00006936        0.00072753        0.00093586        0.00025328 
        0.00000121        0.00000380        0.00001097        0.00008019        0.00081808        0.00105150        0.00028575 
        0.00000142        0.00000448        0.00001302        0.00009256        0.00091860        0.00117972        0.00032190 
        0.00000166        0.00000528        0.00001543        0.00010667        0.00103003        0.00132165        0.00036210 
        0.00000193        0.00000621        0.00001823        0.00012272        0.00115334        0.00147852        0.00040671 
        0.00000225        0.00000728        0.00002149        0.00014096        0.00128962        0.00165162        0.00045615 
        0.00000262        0.00000853        0.00002527        0.00016164        0.00143997        0.00184232        0.00051085 
        0.00000304        0.00000997        0.00002966        0.00018507        0.00160560        0.00205208        0.00057127 
        0.00000352        0.00001164        0.00003472        0.00021155        0.00178779        0.00228242        0.00063790 
        0.00000407        0.00001357        0.00004056        0.00024143        0.00198787        0.00253496        0.00071125 
        0.00000471        0.00001578        0.00004727        0.00027509        0.00220727        0.00281139        0.00079188 
        0.00000543        0.00001833        0.00005499        0.00031295        0.00244748        0.00311347        0.00088036 
        0.00000626        0.00002125        0.00006383        0.00035547        0.00271006        0.00344307        0.00097730 
        0.00000721        0.00002459        0.00007394        0.00040312        0.00299665        0.00380209        0.00108332 
        0.00000829        0.00002842        0.00008550        0.00045645        0.00330897        0.00419253        0.00119910 
        0.00000951        0.00003278        0.00009865        0.00051602        0.00364878        0.00461645        0.00132531 
        0.00001090        0.00003776        0.00011361        0.00058247        0.00401795        0.00507595        0.00146267 
        0.00001247        0.00004341        0.00013059        0.00065646        0.00441837        0.00557321        0.00161192 
        0.00001426        0.00004985        0.00014983        0.00073870        0.00485201        0.00611045        0.00177382 
        0.00001627        0.00005714        0.00017158        0.00082998        0.00532090        0.00668992        0.00194914 
        0.00001855        0.00006539        0.00019613        0.00093109        0.00582711        0.00731392        0.00213869 
        0.00002111        0.00007472        0.00022379        0.00104295        0.00637274        0.00798474        0.00234326 
        0.00002400        0.00008523        0.00025489        0.00116646        0.00695994        0.00870469        0.00256369 
        0.00002725        0.00009710        0.00028979        0.00130261        0.00759090        0.00947609        0.00280079 
        0.00003089        0.00011045        0.00032891        0.00145247        0.00826779        0.01030123        0.00305540 
        0.00003497        0.00012540        0.00037264        0.00161712        0.00899281        0.01118235        0.00332834 
        0.00003953        0.00014220        0.00042148        0.00179775        0.00976814        0.01212169        0.00362044 
        0.00004465        0.00016099        0.00047588        0.00199555        0.01059598        0.01312137        0.00393251 
        0.00005033        0.00018198        0.00053640        0.00221182        0.01147844        0.01418347        0.00426532 
        0.00005669        0.00020541        0.00060361        0.00244787        0.01241764        0.01530994        0.00461966 
        0.00006375        0.00023151        0.00067812        0.00270510        0.01341563        0.01650264        0.00499626 
        0.00007159        0.00026050        0.00076053        0.00298493        0.01447437        0.01776328        0.00539583 
        0.00008034        0.00029279        0.00085159        0.00328885        0.01559572        0.01909342        0.00581901 
        0.00008999        0.00032849        0.00095198        0.00361840        0.01678150        0.02049442        0.00626641 
        0.00010067        0.00036804        0.00106250        0.00397514        0.01803336        0.02196749        0.00673858 
        0.00011248        0.00041176        0.00118393        0.00436065        0.01935282        0.02351357        0.00723602 
        0.00012550        0.00045997        0.00131713        0.00477657        0.02074120        0.02513340        0.00775911 
        0.00013985        0.00051311        0.00146298        0.00522455        0.02219976        0.02682749        0.00830821 
        0.00015564        0.00057151        0.00162239        0.00570627        0.02372948        0.02859600        0.00888356 
        0.00017299        0.00063568        0.00179637        0.00622337        0.02533114        0.03043886        0.00948531 
        0.00019198        0.00070598        0.00198589        0.00677755        0.02700530        0.03235568        0.01011350 
        0.00021284        0.00078295        0.00219196        0.00737047        0.02875240        0.03434576        0.01076810 
        0.00023562        0.00086711        0.00241571        0.00800374        0.03057238        0.03640797        0.01144893 
        0.00026049        0.00095887        0.00265820        0.00867902        0.03246509        0.03854097        0.01215569 
        0.00028771        0.00105890        0.00292050        0.00939782        0.03443003        0.04074296        0.01288800 
        0.00031717        0.00116754        0.00320379        0.01016162        0.03646649        0.04301179        0.01364527 
        0.00034932        0.00128565        0.00350926        0.01097197        0.03857332        0.04534495        0.01442687 
        0.00038426        0.00141370        0.00383799        0.01183011        0.04074908        0.04773952        0.01523199 
        0.00042212        0.00155230        0.00419128        0.01273739        0.04299213        0.05019221        0.01605967 
        0.00046302        0.00170196        0.00457011        0.01369488        0.04530025        0.05269933        0.01690882 
        0.00050732        0.00186355        0.00497587        0.01470377        0.04767109        0.05525684        0.01777825 
        0.00055508        0.00203755        0.00540954        0.01576474        0.05010186        0.05786027        0.01866653 
        0.00060656        0.00222469        0.00587232        0.01687874        0.05258944        0.06050480        0.01957218 
        0.00066197        0.00242555        0.00636515        0.01804614        0.05513029        0.06318527        0.02049361 
        0.00072152        0.00264093        0.00688931        0.01926755        0.05772064        0.06589615        0.02142897 
        0.00078539        0.00287142        0.00744569        0.02054305        0.06035627        0.06863163        0.02237640 
        0.00085378        0.00311766        0.00803533        0.02187267        0.06303281        0.07138556        0.02333388 
        0.00092697        0.00338031        0.00865897        0.02325623        0.06574528        0.07415135        0.02429925 
        0.00100511        0.00366013        0.00931761        0.02469327        0.06848855        0.07692251        0.02527030 
        0.00108834        0.00395745        0.01001167        0.02618299        0.07125711        0.07969199        0.02624455 
        0.00117709        0.00427315        0.01074210        0.02772470        0.07404542        0.08245270        0.02721972 
        0.00127134        0.00460756        0.01150914        0.02931690        0.07684736        0.08519721        0.02819318 
        0.00137141        0.00496143        0.01231343        0.03095838        0.07965654        0.08791818        0.02916235 
        0.00147741        0.00533500        0.01315504        0.03264733        0.08246675        0.09060812        0.03012462 
        0.00158945        0.00572869        0.01403421        0.03438172        0.08527118        0.09325927        0.03107731 
        0.00170798        0.00614347        0.01495115        0.03615925        0.08806300        0.09586412        0.03201768 
        0.00183275        0.00657898        0.01590544        0.03797734        0.09083524        0.09841499        0.03294295 
        0.00196426        0.00703578        0.01689658        0.03983320        0.09358075        0.10090420        0.03385045 
        0.00210229        0.00751388        0.01792440        0.04172350        0.09629242        0.10332456        0.03473738 
        0.00224722        0.00801381        0.01898813        0.04364493        0.09896296        0.10566831        0.03560106 
        0.00239908        0.00853524        0.02008672        0.04559383        0.10158509        0.10792881        0.03643893 
        0.00255772        0.00907832        0.02121949        0.04756624        0.10415164        0.11009866        0.03724821 
        0.00272359        0.00964272        0.02238458        0.04955775        0.10665539        0.11217135        0.03802648 
        0.00289640        0.01022872        0.02358145        0.05156437        0.10908931        0.11414021        0.03877124 
        0.00307608        0.01083523        0.02480739        0.05358064        0.11144593        0.11599967        0.03948027 
        0.00326245        0.01146221        0.02606130        0.05560231        0.11371922        0.11774352        0.04015113 
        0.00345612        0.01210964        0.02734089        0.05762422        0.11590204        0.11936644        0.04078178 
        0.00365616        0.01277596        0.02864411        0.05964106        0.11798793        0.12086374        0.04137042 
        0.00386286        0.01346067        0.02996770        0.06164700        0.11997062        0.12223077        0.04191494 
        0.00407591        0.01416326        0.03131011        0.06363690        0.12184447        0.12346363        0.04241391 
        0.00429559        0.01488313        0.03266796        0.06560484        0.12360364        0.12455839        0.04286562 
        0.00452043        0.01561758        0.03403795        0.06754494        0.12524268        0.12551239        0.04326895 
        0.00475149        0.01636681        0.03541705        0.06945199        0.12675723        0.12632301        0.04362261 
        0.00498775        0.01712906        0.03680226        0.07131934        0.12814197        0.12698781        0.04392546 
        0.00522894        0.01790237        0.03818932        0.07314175        0.12939349        0.12750575        0.04417700 
        0.00547448        0.01868591        0.03957534        0.07491279        0.13050747        0.12787580        0.04437676 
        0.00572452        0.01947761        0.04095563        0.07662687        0.13148063        0.12809730        0.04452386 
        0.00597773        0.02027577        0.04232740        0.07827848        0.13231027        0.12817067        0.04461858 
        0.00623402        0.02107802        0.04368550        0.07986179        0.13299376        0.12809610        0.04466039 
        0.00649306        0.02188307        0.04502618        0.08137107        0.13352948        0.12787503        0.04465017 
        0.00675413        0.02268839        0.04634511        0.08280104        0.13391560        0.12750864        0.04458752 
        0.00701612        0.02349156        0.04763883        0.08414698        0.13415116        0.12699902        0.04447338 
        0.00727922        0.02429128        0.04890245        0.08540374        0.13423574        0.12634897        0.04430842 
        0.00754201        0.02508378        0.05013120        0.08656615        0.13416862        0.12556159        0.04409367 
        0.00780421        0.02586788        0.05132174        0.08763021        0.13395083        0.12463957        0.04382977 
        0.00806460        0.02664024        0.05246931        0.08859181        0.13358307        0.12358719        0.04351819 
        0.00832283        0.02739930        0.05357021        0.08944678        0.13306618        0.12240797        0.04316008 
        0.00857791        0.02814198        0.05461991        0.09019125        0.13240182        0.12110674        0.04275715 
        0.00882912        0.02886528        0.05561417        0.09082294        0.13159263        0.11968786        0.04231060 
        0.00907603        0.02956754        0.05654937        0.09133846        0.13064069        0.11815661        0.04182252 
        0.00931659        0.03024501        0.05742162        0.09173465        0.12954801        0.11651790        0.04129425 
        0.00955123        0.03089678        0.05822778        0.09201062        0.12831938        0.11477673        0.04072800 
        0.00977844        0.03151911        0.05896378        0.09216380        0.12695706        0.11293972        0.04012567 
        0.00999802        0.03211045        0.05962634        0.09219283        0.12546539        0.11101121        0.03948882 
        0.01020843        0.03266686        0.06021243        0.09209692        0.12384796        0.10899758        0.03882000 
        0.01040876        0.03318775        0.06072009        0.09187591        0.12211001        0.10690427        0.03812093 
        0.01059830        0.03366899        0.06114525        0.09152865        0.12025553        0.10473782        0.03739378 
        0.01077712        0.03411025        0.06148618        0.09105605        0.11828917        0.10250342        0.03664094 
        0.01094395        0.03450936        0.06174093        0.09045815        0.11621571        0.10020679        0.03586406 
        0.01109725        0.03486288        0.06190789        0.08973688        0.11404133        0.09785384        0.03506553 
        0.01123717        0.03516942        0.06198436        0.08889246        0.11177063        0.09545052        0.03424746 
        0.01136297        0.03542882        0.06197089        0.08792704        0.10940856        0.09300196        0.03341144 
        0.01147348        0.03563684        0.06186444        0.08684289        0.10696101        0.09051430        0.03256017 
        0.01156759        0.03579277        0.06166488        0.08564198        0.10443377        0.08799130        0.03169471 
        0.01164725        0.03589755        0.06137180        0.08432692        0.10183191        0.08544010        0.03081784 
        0.01170781        0.03594589        0.06098521        0.08290070        0.09916103        0.08286500        0.02993125 
        0.01175284        0.03594214        0.06050670        0.08136755        0.09642768        0.08027029        0.02903646 
        0.01177940        0.03588098        0.05993384        0.07972926        0.09363544        0.07766056        0.02813500 
        0.01178849        0.03576446        0.05926961        0.07799077        0.09079123        0.07504117        0.02722919 
        0.01177841        0.03558981        0.05851328        0.07615554        0.08789980        0.07241499        0.02632022 
        0.01175067        0.03535950        0.05766749        0.07422769        0.08496702        0.06978726        0.02540928 
        0.01170331        0.03507161        0.05673319        0.07221204        0.08199728        0.06716037        0.02449834 
        0.01163623        0.03472501        0.05571169        0.07011247        0.07899606        0.06453943        0.02358842 
        0.01155078        0.03432369        0.05460644        0.06793380        0.07596838        0.06192708        0.02268094 
        0.01144594        0.03386497        0.05341816        0.06568110        0.07291925        0.05932534        0.02177691 
        0.01132166        0.03334963        0.05214918        0.06335831        0.06985319        0.05673838        0.02087736 
        0.01117849        0.03278029        0.05080390        0.06097126        0.06677437        0.05416906        0.01998383 
        0.01101607        0.03215528        0.04938293        0.05852473        0.06368721        0.05161905        0.01909614 
        0.01083469        0.03147840        0.04789174        0.05602288        0.06059563        0.04909039        0.01821661 
        0.01063436        0.03074861        0.04633093        0.05347073        0.05750453        0.04658532        0.01734447 
        0.01041609        0.02996874        0.04470587        0.05087483        0.05441689        0.04410648        0.01648182 
        0.01018131        0.02914071        0.04301739        0.04823697        0.05133653        0.04165423        0.01562828 
        0.00992709        0.02826357        0.04127204        0.04556537        0.04826701        0.03923094        0.01478481 
        0.00965714        0.02734244        0.03947163        0.04286218        0.04521108        0.03683698        0.01395160 
        0.00937051        0.02637708        0.03762031        0.04013383        0.04217255        0.03447497        0.01312983 
        0.00906676        0.02536941        0.03572237        0.03738403        0.03915370        0.03214443        0.01231903 
        0.00874734        0.02432084        0.03377998        0.03461790        0.03615808        0.02984691        0.01152003 
        0.00841588        0.02323663        0.03179705        0.03183877        0.03318739        0.02758336        0.01073307 
        0.00806785        0.02211511        0.02977931        0.02905142        0.03024280        0.02535367        0.00995839 
        0.00770706        0.02096200        0.02773058        0.02626085        0.02732921        0.02315891        0.00919551 
        0.00733346        0.01977587        0.02565086        0.02346933        0.02444673        0.02099907        0.00844550 
        0.00694734        0.01856148        0.02354777        0.02068162        0.02159715        0.01887476        0.00770783 
        0.00655061        0.01732135        0.02142441        0.01790226        0.01878321        0.01678610        0.00698304 
        0.00614309        0.01605713        0.01928306        0.01513326        0.01600647        0.01473236        0.00627047 
        0.00572634        0.01477110        0.01712739        0.01237750        0.01326656        0.01271510        0.00557077 
        0.00530052        0.01346612        0.01496255        0.00964069        0.01056623        0.01073360        0.00488418 
        0.00486690        0.01214516        0.01279116        0.00692368        0.00790668        0.00878644        0.00420934 
        0.00442636        0.01080906        0.01061523        0.00422955        0.00528765        0.00687551        0.00354743 
        0.00397867        0.00946128        0.00844085        0.00156176        0.00271130        0.00500035        0.00289828 
        0.00352621        0.00810397        0.00626767       -0.00107789        0.00017786        0.00315976        0.00226134 
        0.00306946        0.00673902        0.00410056       -0.00368762       -0.00231290        0.00135398        0.00163674 
        0.00260657        0.00536752        0.00194299       -0.00626373       -0.00475812       -0.00041687        0.00102419 
        0.00214195        0.00399375       -0.00020409       -0.00880527       -0.00715995       -0.00215423        0.00042385 
        0.00167543        0.00261974       -0.00233650       -0.01131034       -0.00951636       -0.00385773       -0.00016493 
        0.00120687        0.00124645       -0.00445199       -0.01377773       -0.01182806       -0.00552654       -0.00074106 
        0.00073576       -0.00012589       -0.00654960       -0.01620460       -0.01409483       -0.00716400       -0.00130677 
        0.00026637       -0.00149047       -0.00862503       -0.01859093       -0.01631558       -0.00876760       -0.00186008 
       -0.00020188       -0.00284851       -0.01067734       -0.02093482       -0.01849198       -0.01033914       -0.00240231 
       -0.00066996       -0.00419939       -0.01270533       -0.02323484       -0.02062249       -0.01187873       -0.00293386 
       -0.00113559       -0.00553906       -0.01470530       -0.02549100       -0.02270758       -0.01338673       -0.00345385 
       -0.00159913       -0.00686681       -0.01667643       -0.02770162       -0.02474749       -0.01486361       -0.00396311 
       -0.00205940       -0.00818157       -0.01861775       -0.02986670       -0.02674270       -0.01630974       -0.00446182 
       -0.00251591       -0.00948262       -0.02052820       -0.03198552       -0.02869391       -0.01772618       -0.00495011 
       -0.00296843       -0.01076698       -0.02240515       -0.03405690       -0.03060007       -0.01911175       -0.00542784 
       -0.00341606       -0.01203382       -0.02424717       -0.03608143       -0.03246200       -0.02046847       -0.00589526 
       -0.00385773       -0.01328206       -0.02605581       -0.03805923       -0.03428102       -0.02179563       -0.00635231 
       -0.00429392       -0.01451015       -0.02782595       -0.03998768       -0.03605723       -0.02309525       -0.00680012 
       -0.00472468       -0.01572001       -0.02956116       -0.04186964       -0.03779006       -0.02436531       -0.00723761 
       -0.00514841       -0.01690686       -0.03125739       -0.04370356       -0.03948176       -0.02560854       -0.00766617 
       -0.00556499       -0.01807141       -0.03291583       -0.04548955       -0.04113007       -0.02682436       -0.00808513 
       -0.00597537       -0.01921391       -0.03453493       -0.04722834       -0.04273748       -0.02801287       -0.00849450 
       -0.00637758       -0.02033377       -0.03611588       -0.04891849       -0.04430389       -0.02917659       -0.00889528 
       -0.00677198       -0.02142692       -0.03765571       -0.05056334       -0.04583073       -0.03031087       -0.00928611 
       -0.00715715       -0.02249587       -0.03915691       -0.05216002       -0.04731727       -0.03142178       -0.00966913 
       -0.00753570       -0.02354085       -0.04061759       -0.05371118       -0.04876482       -0.03250670       -0.01004291 
       -0.00790471       -0.02455950       -0.04203856       -0.05521631       -0.05017459       -0.03356707       -0.01040834 
       -0.00826532       -0.02555263       -0.04341936       -0.05667567       -0.05154574       -0.03460324       -0.01076585 
       -0.00861788       -0.02652061       -0.04475999       -0.05809033       -0.05287945       -0.03561437       -0.01111466 
       -0.00896055       -0.02746153       -0.04606068       -0.05946028       -0.05417728       -0.03660154       -0.01145542 
       -0.00929397       -0.02837503       -0.04732132       -0.06078720       -0.05543840       -0.03756595       -0.01178771 
       -0.00961858       -0.02926254       -0.04854190       -0.06206965       -0.05666363       -0.03850758       -0.01211262 
       -0.00993466       -0.03012562       -0.04972494       -0.06331038       -0.05785489       -0.03942609       -0.01242954 
       -0.01024097       -0.03096044       -0.05086803       -0.06450832       -0.05901098       -0.04032218       -0.01273924 
       -0.01053774       -0.03176951       -0.05197310       -0.06566584       -0.06013322       -0.04119682       -0.01304126 
       -0.01082587       -0.03255153       -0.05303919       -0.06678259       -0.06122267       -0.04205024       -0.01333624 
       -0.01110488       -0.03330803       -0.05406797       -0.06785965       -0.06228065       -0.04288137       -0.01362336 
       -0.01137441       -0.03403854       -0.05505979       -0.06889689       -0.06330550       -0.04369307       -0.01390421 
       -0.01163441       -0.03474307       -0.05601490       -0.06989574       -0.06429923       -0.04448295       -0.01417720 
       -0.01188570       -0.03542221       -0.05693316       -0.07085717       -0.06526327       -0.04525363       -0.01444423 
       -0.01212794       -0.03607631       -0.05781674       -0.07178116       -0.06619608       -0.04600406       -0.01470429 
       -0.01236105       -0.03670549       -0.05866528       -0.07266939       -0.06709933       -0.04673529       -0.01495737 
       -0.01258546       -0.03731012       -0.05947888       -0.07352161       -0.06797409       -0.04744709       -0.01520419 
       -0.01280123       -0.03789067       -0.06025887       -0.07433927       -0.06882071       -0.04814112       -0.01544476 
       -0.01300818       -0.03844643       -0.06100547       -0.07512343       -0.06963968       -0.04881549       -0.01567906 
       -0.01320726       -0.03898013       -0.06172013       -0.07587373       -0.07043111       -0.04947209       -0.01590705 
       -0.01339740       -0.03949022       -0.06240296       -0.07659221       -0.07119620       -0.05011022       -0.01612860 
       -0.01357943       -0.03997719       -0.06305325       -0.07727742       -0.07193506       -0.05073166       -0.01634485 
       -0.01375246       -0.04044187       -0.06367457       -0.07793260       -0.07264769       -0.05133510       -0.01655489 
       -0.01391846       -0.04088473       -0.06426466       -0.07855690       -0.07333612       -0.05192280       -0.01675892 
       -0.01407683       -0.04130673       -0.06482565       -0.07915103       -0.07399964       -0.05249310       -0.01695800 
       -0.01422721       -0.04170752       -0.06535912       -0.07971716       -0.07463849       -0.05304670       -0.01715094 
       -0.01436996       -0.04208791       -0.06586373       -0.08025503       -0.07525504       -0.05358493       -0.01733893 
       -0.01450527       -0.04244816       -0.06634152       -0.08076382       -0.07584763       -0.05410755       -0.01752132 
       -0.01463312       -0.04278839       -0.06679213       -0.08124697       -0.07641768       -0.05461371       -0.01769799 
       -0.01475507       -0.04311097       -0.06721735       -0.08170366       -0.07696652       -0.05510473       -0.01787001 
       -0.01486951       -0.04341352       -0.06761658       -0.08213425       -0.07749331       -0.05558252       -0.01803744 
       -0.01497686       -0.04369855       -0.06799293       -0.08254123       -0.07799923       -0.05604422       -0.01819915 
       -0.01507777       -0.04396474       -0.06834328       -0.08292222       -0.07848394       -0.05649161       -0.01835608 
       -0.01517272       -0.04421425       -0.06867075       -0.08327985       -0.07894850       -0.05692410       -0.01850820 
       -0.01526034       -0.04444623       -0.06897569       -0.08361459       -0.07939386       -0.05734372       -0.01865602 
       -0.01534367       -0.04466355       -0.06925845       -0.08392656       -0.07981908       -0.05774868       -0.01879853 
       -0.01541978       -0.04486334       -0.06951988       -0.08421803       -0.08022559       -0.05814147       -0.01893711 
       -0.01549125       -0.04504943       -0.06976044       -0.08448660       -0.08061397       -0.05852008       -0.01907080 
       -0.01555657       -0.04521930       -0.06998014       -0.08473480       -0.08098352       -0.05888629       -0.01920015 
       -0.01561618       -0.04537380       -0.07017958       -0.08496320       -0.08133650       -0.05923927       -0.01932508 
       -0.01566982       -0.04551339       -0.07036006       -0.08517134       -0.08167112       -0.05957949       -0.01944554 
       -0.01571995       -0.04564202       -0.07052362       -0.08536100       -0.08198941       -0.05990863       -0.01956248 
       -0.01576477       -0.04575574       -0.07066715       -0.08553183       -0.08229113       -0.06022453       -0.01967454 
       -0.01580441       -0.04585624       -0.07079351       -0.08568454       -0.08257675       -0.06052923       -0.01978326 
       -0.01583928       -0.04594409       -0.07090294       -0.08581948       -0.08284593       -0.06082213       -0.01988763 
       -0.01586884       -0.04601860       -0.07099593       -0.08593822       -0.08310032       -0.06110358       -0.01998854 
       -0.01589572       -0.04608405       -0.07107341       -0.08604014       -0.08333945       -0.06137335       -0.02008522 
       -0.01591706       -0.04613578       -0.07113504       -0.08612585       -0.08356321       -0.06163275       -0.02017838 
       -0.01593512       -0.04617727       -0.07118070       -0.08619547       -0.08377337       -0.06188166       -0.02026778 
       -0.01594907       -0.04620826       -0.07121277       -0.08625019       -0.08396840       -0.06211877       -0.02035356 
       -0.01595867       -0.04622817       -0.07123065       -0.08629036       -0.08415031       -0.06234610       -0.02043581 
       -0.01596451       -0.04623806       -0.07123494       -0.08631611       -0.08431923       -0.06256342       -0.02051479 
       -0.01596671       -0.04623806       -0.07122564       -0.08632791       -0.08447409       -0.06277013       -0.02058971 
       -0.01596659       -0.04622924       -0.07120264       -0.08632600       -0.08461666       -0.06296742       -0.02066183 
       -0.01596218       -0.04621136       -0.07116890       -0.08631158       -0.08474672       -0.06315494       -0.02073056 
       -0.01595515       -0.04618502       -0.07112300       -0.08628452       -0.08486390       -0.06333280       -0.02079588 
       -0.01594400       -0.04614878       -0.07106435       -0.08624423       -0.08496940       -0.06350136       -0.02085781 
       -0.01593053       -0.04610538       -0.07099533       -0.08619285       -0.08506298       -0.06366062       -0.02091688 
       -0.01591456       -0.04605424       -0.07091558       -0.08612978       -0.08514547       -0.06381130       -0.02097332 
       -0.01589453       -0.04599512       -0.07082570       -0.08605552       -0.08521676       -0.06395316       -0.02102625 
       -0.01587260       -0.04592896       -0.07072556       -0.08597052       -0.08527696       -0.06408560       -0.02107608 
       -0.01584816       -0.04585618       -0.07061589       -0.08587492       -0.08532655       -0.06421053       -0.02112365 
       -0.01582056       -0.04577577       -0.07049662       -0.08576894       -0.08536553       -0.06432652       -0.02116787 
       -0.01579159       -0.04568940       -0.07036835       -0.08565390       -0.08539534       -0.06443357       -0.02120900 
       -0.01575902       -0.04559600       -0.07023144       -0.08552825       -0.08541429       -0.06453419       -0.02124774 
       -0.01572523       -0.04549694       -0.07008588       -0.08539426       -0.08542395       -0.06462657       -0.02128422 
       -0.01568863       -0.04539233       -0.06993288       -0.08525115       -0.08542430       -0.06471026       -0.02131760 
       -0.01565030       -0.04528159       -0.06977183       -0.08509958       -0.08541548       -0.06478703       -0.02134836 
       -0.01561075       -0.04516697       -0.06960344       -0.08493924       -0.08539701       -0.06485653       -0.02137673 
       -0.01556841       -0.04504550       -0.06942737       -0.08477122       -0.08537030       -0.06491852       -0.02140242 
       -0.01552433       -0.04491985       -0.06924522       -0.08459514       -0.08533502       -0.06497347       -0.02142584 
       -0.01547885       -0.04478955       -0.06905597       -0.08441210       -0.08529174       -0.06502104       -0.02144647 
       -0.01543155       -0.04465401       -0.06886005       -0.08422136       -0.08524001       -0.06506264       -0.02146560 
       -0.01538250       -0.04451501       -0.06865895       -0.08402377       -0.08517981       -0.06509733       -0.02148229 
       -0.01533237       -0.04437137       -0.06845140       -0.08381999       -0.08511269       -0.06512427       -0.02149570 
       -0.01527959       -0.04422313       -0.06823820       -0.08360887       -0.08503747       -0.06514537       -0.02150756 
       -0.01522604       -0.04407132       -0.06801957       -0.08339167       -0.08495539       -0.06516039       -0.02151763 
       -0.01517203       -0.04391706       -0.06779569       -0.08316863       -0.08486593       -0.06516922       -0.02152526 
       -0.01511645       -0.04375899       -0.06756735       -0.08294010       -0.08476996       -0.06517065       -0.02153003 
       -0.01505935       -0.04359716       -0.06733459       -0.08270532       -0.08466619       -0.06516778       -0.02153379 
       -0.01500064       -0.04343164       -0.06709623       -0.08246541       -0.08455658       -0.06515837       -0.02153534 
       -0.01494187       -0.04326415       -0.06685424       -0.08222061       -0.08444059       -0.06514275       -0.02153426 
       -0.01488143       -0.04309332       -0.06660759       -0.08196992       -0.08431751       -0.06512201       -0.02153188 
       -0.01481971       -0.04291999       -0.06635815       -0.08171511       -0.08418894       -0.06509554       -0.02152729 
       -0.01475763       -0.04274362       -0.06610429       -0.08145618       -0.08405423       -0.06506407       -0.02152115 
       -0.01469457       -0.04256517       -0.06584609       -0.08119148       -0.08391339       -0.06502640       -0.02151227 
       -0.01462996       -0.04238379       -0.06558573       -0.08092344       -0.08376735       -0.06498444       -0.02150297 
       -0.01456529       -0.04220098       -0.06532156       -0.08065140       -0.08361578       -0.06493652       -0.02149075 
       -0.01449978       -0.04201603       -0.06505424       -0.08037496       -0.08345890       -0.06488442       -0.02147764 
       -0.01443356       -0.04182863       -0.06478393       -0.08009458       -0.08329630       -0.06482697       -0.02146238 
       -0.01436687       -0.04163963       -0.06451190       -0.07981205       -0.08312941       -0.06476498       -0.02144593 
       -0.01429877       -0.04144853       -0.06423628       -0.07952499       -0.08295667       -0.06469846       -0.02142757 
       -0.01423082       -0.04125625       -0.06395787       -0.07923448       -0.08277982       -0.06462687       -0.02140725 
       -0.01416242       -0.04106283       -0.06367779       -0.07894075       -0.08259767       -0.06455123       -0.02138591 
       -0.01409334       -0.04086751       -0.06339574       -0.07864445       -0.08241135       -0.06447065       -0.02136254 
       -0.01402348       -0.04067075       -0.06311125       -0.07834506       -0.08222020       -0.06438679       -0.02133864 
       -0.01395303       -0.04047233       -0.06282455       -0.07804275       -0.08202535       -0.06429744       -0.02131230 
       -0.01388255       -0.04027390       -0.06253707       -0.07773805       -0.08182585       -0.06420457       -0.02128476 
       -0.01381156       -0.04007328       -0.06224662       -0.07743055       -0.08162260       -0.06410754       -0.02125588 
       -0.01374099       -0.03987259       -0.06195486       -0.07712126       -0.08141494       -0.06400639       -0.02122575 
       -0.01366866       -0.03967005       -0.06166250       -0.07680959       -0.08120370       -0.06390160       -0.02119434 
       -0.01359740       -0.03946805       -0.06136811       -0.07649505       -0.08098841       -0.06379294       -0.02116159 
       -0.01352555       -0.03926486       -0.06107306       -0.07617944       -0.08076972       -0.06368077       -0.02112728 
       -0.01345238       -0.03905916       -0.06077570       -0.07586122       -0.08054757       -0.06356454       -0.02109185 
       -0.01337993       -0.03885448       -0.06047797       -0.07554156       -0.08032233       -0.06344521       -0.02105534 
       -0.01330674       -0.03864861       -0.06017953       -0.07522041       -0.08009362       -0.06332183       -0.02101740 
       -0.01323420       -0.03844321       -0.05987978       -0.07489669       -0.07986081       -0.06319594       -0.02097863 
       -0.01316124       -0.03823692       -0.05957949       -0.07457221       -0.07962602       -0.06306636       -0.02093852 
       -0.01308808       -0.03803003       -0.05927849       -0.07424688       -0.07938755       -0.06293309       -0.02089691 
       -0.01301473       -0.03782284       -0.05897641       -0.07391936       -0.07914639       -0.06279731       -0.02085498 
       -0.01294211       -0.03761643       -0.05867392       -0.07359022       -0.07890218       -0.06265783       -0.02081144 
       -0.01286811       -0.03740853       -0.05837178       -0.07326066       -0.07865524       -0.06251562       -0.02076674 
       -0.01279518       -0.03720111       -0.05806816       -0.07292980       -0.07840556       -0.06237054       -0.02072135 
       -0.01272172       -0.03699350       -0.05776465       -0.07259798       -0.07815361       -0.06222284       -0.02067497 
       -0.01264814       -0.03678548       -0.05746055       -0.07226515       -0.07789844       -0.06207168       -0.02062729 
       -0.01257482       -0.03657776       -0.05715668       -0.07193130       -0.07764137       -0.06191814       -0.02057886 
       -0.01250136       -0.03637028       -0.05685258       -0.07159662       -0.07738197       -0.06176156       -0.02052924 
       -0.01242769       -0.03616196       -0.05654824       -0.07126194       -0.07712007       -0.06160277       -0.02047911 
       -0.01235476       -0.03595537       -0.05624449       -0.07092589       -0.07685590       -0.06144106       -0.02042776 
       -0.01228124       -0.03574741       -0.05594003       -0.07058948       -0.07658988       -0.06127703       -0.02037570 
       -0.01220843       -0.03554034       -0.05563599       -0.07025290       -0.07632166       -0.06111085       -0.02032289 
       -0.01213518       -0.03533316       -0.05533183       -0.06991541       -0.07605135       -0.06094164       -0.02026919 
       -0.01206183       -0.03512615       -0.05502796       -0.06957757       -0.07577926       -0.06077081       -0.02021462 
       -0.01198918       -0.03492016       -0.05472475       -0.06923974       -0.07550532       -0.06059748       -0.02015930 
       -0.01191711       -0.03471464       -0.05442166       -0.06890130       -0.07522941       -0.06042188       -0.02010310 
       -0.01184458       -0.03450882       -0.05411863       -0.06856292       -0.07495207       -0.06024390       -0.02004582 
       -0.01177192       -0.03430331       -0.05381590       -0.06822383       -0.07467282       -0.06006408       -0.01998854 
       -0.01169947       -0.03409827       -0.05351400       -0.06788486       -0.07439172       -0.05988222       -0.01993030 
       -0.01162741       -0.03389412       -0.05321223       -0.06754595       -0.07410944       -0.05969810       -0.01987088 
       -0.01155615       -0.03369015       -0.05291063       -0.06720710       -0.07382596       -0.05951273       -0.01981136 
       -0.01148432       -0.03348678       -0.05261016       -0.06686801       -0.07354057       -0.05932474       -0.01975089 
       -0.01141259       -0.03328335       -0.05230987       -0.06652915       -0.07325423       -0.05913496       -0.01968992 
       -0.01134163       -0.03308153       -0.05201048       -0.06619024       -0.07296598       -0.05894411       -0.01962835 
       -0.01127091       -0.03288007       -0.05171156       -0.06585133       -0.07267702       -0.05875087       -0.01956585 
       -0.01119986       -0.03267860       -0.05141330       -0.06551313       -0.07238662       -0.05855632       -0.01950324 
       -0.01112893       -0.03247738       -0.05111563       -0.06517458       -0.07209498       -0.05835998       -0.01943979 
       -0.01105896       -0.03227800       -0.05081892       -0.06483674       -0.07180262       -0.05816185       -0.01937580 
       -0.01098907       -0.03207850       -0.05052257       -0.06449878       -0.07150877       -0.05796224       -0.01931128 
       -0.01091930       -0.03188020       -0.05022770       -0.06416184       -0.07121414       -0.05776149       -0.01924637 
       -0.01084960       -0.03168201       -0.04993302       -0.06382471       -0.07091832       -0.05755901       -0.01918042 
       -0.01078019       -0.03148437       -0.04963928       -0.06348801       -0.07062161       -0.05735505       -0.01911432 
       -0.01071122       -0.03128809       -0.04934663       -0.06315196       -0.07032430       -0.05714977       -0.01904771 
       -0.01064259       -0.03109217       -0.04905438       -0.06281614       -0.07002574       -0.05694318       -0.01898056 
       -0.01057410       -0.03089714       -0.04876339       -0.06248093       -0.06972718       -0.05673522       -0.01891321 
       -0.01050588       -0.03070247       -0.04847258       -0.06214613       -0.06942713       -0.05652666       -0.01884517 
       -0.01043814       -0.03050900       -0.04818344       -0.06181234       -0.06912708       -0.05631590       -0.01877663 
       -0.01037049       -0.03031623       -0.04789531       -0.06147856       -0.06882578       -0.05610448       -0.01870793 
       -0.01030317       -0.03012419       -0.04760838       -0.06114590       -0.06852394       -0.05589193       -0.01863852 
       -0.01023623       -0.02993298       -0.04732168       -0.06081337       -0.06822169       -0.05567825       -0.01856887 
       -0.01016912       -0.02974194       -0.04703611       -0.06048167       -0.06791890       -0.05546331       -0.01849887 
       -0.01010293       -0.02955264       -0.04675180       -0.06015074       -0.06761587       -0.05524790       -0.01842877 
       -0.01003706       -0.02936387       -0.04646838       -0.05982053       -0.06731206       -0.05503136       -0.01835811 
       -0.00997104       -0.02917570       -0.04618621       -0.05949104       -0.06700790       -0.05481362       -0.01828685 
       -0.00990555       -0.02898845       -0.04590476       -0.05916196       -0.06670350       -0.05459511       -0.01821569 
       -0.00984038       -0.02880234       -0.04562461       -0.05883402       -0.06639856       -0.05437601       -0.01814404 
       -0.00977544       -0.02861670       -0.04534537       -0.05850661       -0.06609333       -0.05415577       -0.01807201 
       -0.00971070       -0.02843153       -0.04506731       -0.05818027       -0.06578797       -0.05393469       -0.01799959 
       -0.00964670       -0.02824810       -0.04479036       -0.05785477       -0.06548238       -0.05371267       -0.01792687 
       -0.00958258       -0.02806479       -0.04451427       -0.05752996       -0.06517655       -0.05349040       -0.01785415 
       -0.00951910       -0.02788278       -0.04423934       -0.05720595       -0.06487036       -0.05326724       -0.01778111 
       -0.00945579       -0.02770144       -0.04396576       -0.05688289       -0.06456393       -0.05304372       -0.01770782 
       -0.00939237       -0.02752066       -0.04369324       -0.05656061       -0.06425774       -0.05281913       -0.01763427 
       -0.00932993       -0.02734143       -0.04342213       -0.05623955       -0.06395125       -0.05259430       -0.01756060 
       -0.00926806       -0.02716294       -0.04315120       -0.05591884       -0.06364501       -0.05236870       -0.01748657 
       -0.00920577       -0.02698517       -0.04288238       -0.05559933       -0.06333846       -0.05214244       -0.01741222 
       -0.00914410       -0.02680823       -0.04261437       -0.05528075       -0.06303179       -0.05191576       -0.01733789 
       -0.00908281       -0.02663219       -0.04234731       -0.05496323       -0.06272548       -0.05168861       -0.01726332 
       -0.00902155       -0.02645665       -0.04208156       -0.05464685       -0.06241882       -0.05146098       -0.01718840 
       -0.00896063       -0.02628219       -0.04181710       -0.05433095       -0.06211227       -0.05123252       -0.01711339 
       -0.00890055       -0.02610904       -0.04155377       -0.05401665       -0.06180611       -0.05100459       -0.01703864 
       -0.00884044       -0.02593675       -0.04129180       -0.05370292       -0.06149966       -0.05077577       -0.01696348 
       -0.00878052       -0.02576503       -0.04103091       -0.05339035       -0.06119376       -0.05054688       -0.01688826 
       -0.00872141       -0.02559438       -0.04077092       -0.05307889       -0.06088841       -0.05031711       -0.01681256 
       -0.00866228       -0.02542478       -0.04051244       -0.05276817       -0.06058252       -0.05008721       -0.01673681 
       -0.00860365       -0.02525580       -0.04025480       -0.05245876       -0.06027740       -0.04985702       -0.01666099 
       -0.00854488       -0.02508721       -0.03999844       -0.05215043       -0.05997205       -0.04962677       -0.01658523 
       -0.00848721       -0.02492094       -0.03974414       -0.05184335       -0.05966717       -0.04939622       -0.01650935 
       -0.00842927       -0.02475441       -0.03949007       -0.05153689       -0.05936250       -0.04916561       -0.01643324 
       -0.00837162       -0.02458876       -0.03923741       -0.05123165       -0.05905792       -0.04893470       -0.01635709 
       -0.00831491       -0.02442464       -0.03898603       -0.05092767       -0.05875427       -0.04870385       -0.01628131 
       -0.00825788       -0.02426061       -0.03873548       -0.05062449       -0.05845058       -0.04847246       -0.01620489 
       -0.00820157       -0.02409816       -0.03848660       -0.05032271       -0.05814719       -0.04824114       -0.01612866 
       -0.00814502       -0.02393594       -0.03823891       -0.05002207       -0.05784449       -0.04800969       -0.01605219 
       -0.00808939       -0.02377528       -0.03799233       -0.04972228       -0.05754203       -0.04777807       -0.01597571 
       -0.00803389       -0.02361524       -0.03774711       -0.04942387       -0.05723977       -0.04754704       -0.01589960 
       -0.00797872       -0.02345595       -0.03750265       -0.04912633       -0.05693847       -0.04731509       -0.01582301 
       -0.00792395       -0.02329788       -0.03725985       -0.04883024       -0.05663741       -0.04708374       -0.01574659 
       -0.00786936       -0.02314043       -0.03701815       -0.04853523       -0.05633664       -0.04685223       -0.01567003 
       -0.00781508       -0.02298403       -0.03677773       -0.04824099       -0.05603659       -0.04662067       -0.01559366 
       -0.00776109       -0.02282825       -0.03653824       -0.04794824       -0.05573717       -0.04638904       -0.01551694 
       -0.00770767       -0.02267364       -0.03629997       -0.04765651       -0.05543804       -0.04615796       -0.01544069 
       -0.00765450       -0.02251995       -0.03606322       -0.04736602       -0.05513948       -0.04592675       -0.01536421 
       -0.00760134       -0.02236682       -0.03582761       -0.04707670       -0.05484149       -0.04569596       -0.01528792 
       -0.00754894       -0.02221495       -0.03559297       -0.04678848       -0.05454409       -0.04546466       -0.01521145 
       -0.00749668       -0.02206346       -0.03535956       -0.04650155       -0.05424744       -0.04523402       -0.01513517 
       -0.00744450       -0.02191278       -0.03512737       -0.04621577       -0.05395129       -0.04500341       -0.01505882 
       -0.00739272       -0.02176329       -0.03489649       -0.04593101       -0.05365559       -0.04477280       -0.01498260 
       -0.00734121       -0.02161455       -0.03466681       -0.04564759       -0.05336088       -0.04454246       -0.01490626 
       -0.00729021       -0.02146676       -0.03443837       -0.04536542       -0.05306643       -0.04431266       -0.01483028 
       -0.00723949       -0.02131981       -0.03421095       -0.04508424       -0.05277306       -0.04408267       -0.01475397 
       -0.00718890       -0.02117363       -0.03398487       -0.04480433       -0.05248004       -0.04385340       -0.01467820 
       -0.00713864       -0.02102807       -0.03375977       -0.04452559       -0.05218795       -0.04362395       -0.01460218 
       -0.00708905       -0.02088398       -0.03353605       -0.04424828       -0.05189657       -0.04339483       -0.01452619 
       -0.00703950       -0.02074030       -0.03331333       -0.04397178       -0.05160567       -0.04316625       -0.01445054 
       -0.00699019       -0.02059746       -0.03309184       -0.04369682       -0.05131581       -0.04293770       -0.01437472 
       -0.00694123       -0.02045557       -0.03287178       -0.04342297       -0.05102617       -0.04270953       -0.01429905 
       -0.00689253       -0.02031454       -0.03265280       -0.04315013       -0.05073762       -0.04248157       -0.01422352 
       -0.00684431       -0.02017426       -0.03243482       -0.04287890       -0.05045000       -0.04225427       -0.01414809 
       -0.00679624       -0.02003473       -0.03221804       -0.04260838       -0.05016303       -0.04202706       -0.01407266 
       -0.00674851       -0.01989639       -0.03200257       -0.04233921       -0.04987696       -0.04180059       -0.01399755 
       -0.00670093       -0.01975843       -0.03178817       -0.04207155       -0.04959136       -0.04157430       -0.01392256 
       -0.00665365       -0.01962125       -0.03157496       -0.04180488       -0.04930663       -0.04134852       -0.01384766 
       -0.00660694       -0.01948529       -0.03136289       -0.04153955       -0.04902303       -0.04112291       -0.01377279 
       -0.00656018       -0.01934978       -0.03115198       -0.04127526       -0.04874009       -0.04089773       -0.01369794 
       -0.00651377       -0.01921526       -0.03094238       -0.04101226       -0.04845789       -0.04067335       -0.01362361 
       -0.00646786       -0.01908147       -0.03073353       -0.04075038       -0.04817662       -0.04044914       -0.01354921 
       -0.00642218       -0.01894858       -0.03052616       -0.04048991       -0.04789624       -0.04022527       -0.01347475 
       -0.00637658       -0.01881629       -0.03031978       -0.04023045       -0.04761666       -0.04000220       -0.01340069 
       -0.00633152       -0.01868501       -0.03011465       -0.03997234       -0.04733801       -0.03977942       -0.01332672 
       -0.00628677       -0.01855466       -0.02991077       -0.03971538       -0.04706013       -0.03955716       -0.01325285 
       -0.00624210       -0.01842481       -0.02970785       -0.03945965       -0.04678327       -0.03933564       -0.01317924 
       -0.00619784       -0.01829603       -0.02950633       -0.03920531       -0.04650715       -0.03911451       -0.01310571 
       -0.00615379       -0.01816773       -0.02930549       -0.03895196       -0.04623216       -0.03889373       -0.01303233 
       -0.00610985       -0.01804009       -0.02910584       -0.03869966       -0.04595774       -0.03867370       -0.01295921 
       -0.00606646       -0.01791376       -0.02890772       -0.03844899       -0.04568478       -0.03845412       -0.01288627 
       -0.00602311       -0.01778752       -0.02871019       -0.03819922       -0.04541236       -0.03823513       -0.01281336 
       -0.00597998       -0.01766224       -0.02851406       -0.03795084       -0.04514092       -0.03801653       -0.01274061 
       -0.00593747       -0.01753812       -0.02831909       -0.03770363       -0.04487032       -0.03779855       -0.01266818 
       -0.00589502       -0.01741436       -0.02812502       -0.03745750       -0.04460093       -0.03758109       -0.01259592 
       -0.00585312       -0.01729181       -0.02793208       -0.03721273       -0.04433244       -0.03736463       -0.01252386 
       -0.00581104       -0.01716948       -0.02774031       -0.03696904       -0.04406482       -0.03714854       -0.01245195 
       -0.00576956       -0.01704833       -0.02754973       -0.03672659       -0.04379809       -0.03693295       -0.01238020 
       -0.00572804       -0.01692769       -0.02736039       -0.03648552       -0.04353234       -0.03671825       -0.01230873 
       -0.00568710       -0.01680779       -0.02717170       -0.03624552       -0.04326776       -0.03650397       -0.01223744 
       -0.00564619       -0.01668873       -0.02698430       -0.03600663       -0.04300413       -0.03629035       -0.01216632 
       -0.00560562       -0.01657046       -0.02679817       -0.03576913       -0.04274133       -0.03607738       -0.01209542 
       -0.00556538       -0.01645286       -0.02661294       -0.03553289       -0.04247972       -0.03586501       -0.01202472 
       -0.00552537       -0.01633573       -0.02642846       -0.03529753       -0.04221889       -0.03565347       -0.01195428 
       -0.00548550       -0.01621944       -0.02624536       -0.03506355       -0.04195917       -0.03544241       -0.01188394 
       -0.00544591       -0.01610407       -0.02606335       -0.03483069       -0.04170051       -0.03523228       -0.01181398 
       -0.00540669       -0.01598930       -0.02588239       -0.03459918       -0.04144281       -0.03502250       -0.01174417 
       -0.00536760       -0.01587512       -0.02570230       -0.03436869       -0.04118603       -0.03481355       -0.01167446 
       -0.00532880       -0.01576196       -0.02552363       -0.03413942       -0.04093026       -0.03460526       -0.01160507 
       -0.00529045       -0.01564944       -0.02534559       -0.03391123       -0.04067567       -0.03439760       -0.01153591 
       -0.00525196       -0.01553726       -0.02516876       -0.03368448       -0.04042211       -0.03419086       -0.01146701 
       -0.00521383       -0.01542602       -0.02499318       -0.03345889       -0.04016951       -0.03398466       -0.01139833 
       -0.00517623       -0.01531580       -0.02481848       -0.03323424       -0.03991789       -0.03377920       -0.01132983 
       -0.00513847       -0.01520568       -0.02464482       -0.03301105       -0.03966749       -0.03357443       -0.01126158 
       -0.00510144       -0.01509675       -0.02447206       -0.03278893       -0.03941809       -0.03337061       -0.01119363 
       -0.00506435       -0.01498827       -0.02430028       -0.03256786       -0.03916952       -0.03316742       -0.01112579 
       -0.00502743       -0.01488048       -0.02412972       -0.03234804       -0.03892227       -0.03296459       -0.01105815 
       -0.00499072       -0.01477316       -0.02396002       -0.03212941       -0.03867586       -0.03276291       -0.01099098 
       -0.00495440       -0.01466687       -0.02379149       -0.03191194       -0.03843053       -0.03256181       -0.01092388 
       -0.00491836       -0.01456136       -0.02362403       -0.03169566       -0.03818637       -0.03236154       -0.01085711 
       -0.00488249       -0.01445614       -0.02345729       -0.03148051       -0.03794312       -0.03216186       -0.01079045 
       -0.00484664       -0.01435152       -0.02329171       -0.03126660       -0.03770103       -0.03196299       -0.01072407 
       -0.00481133       -0.01424779       -0.02312693       -0.03105375       -0.03746009       -0.03176510       -0.01065809 
       -0.00477625       -0.01414487       -0.02296336       -0.03084207       -0.03722000       -0.03156763       -0.01059225 
       -0.00474111       -0.01404229       -0.02280085       -0.03063159       -0.03698103       -0.03137121       -0.01052663 
       -0.00470657       -0.01394072       -0.02263914       -0.03042217       -0.03674328       -0.03117540       -0.01046138 
       -0.00467200       -0.01383960       -0.02247855       -0.03021395       -0.03650641       -0.03098032       -0.01039618 
       -0.00463787       -0.01373918       -0.02231877       -0.03000686       -0.03627068       -0.03078637       -0.01033151 
       -0.00460363       -0.01363923       -0.02216008       -0.02980086       -0.03603598       -0.03059287       -0.01026689 
       -0.00456986       -0.01354007       -0.02200244       -0.02959624       -0.03580251       -0.03040016       -0.01020249 
       -0.00453630       -0.01344155       -0.02184555       -0.02939250       -0.03557006       -0.03020841       -0.01013855 
       -0.00450288       -0.01334351       -0.02168965       -0.02918996       -0.03533846       -0.03001747       -0.01007477 
       -0.00446970       -0.01324621       -0.02153473       -0.02898851       -0.03510819       -0.02982716       -0.01001121 
       -0.00443681       -0.01314959       -0.02138075       -0.02878813       -0.03487888       -0.02963763       -0.00994791 
       -0.00440405       -0.01305354       -0.02122791       -0.02858910       -0.03465074       -0.02944914       -0.00988501 
       -0.00437145       -0.01295803       -0.02107581       -0.02839112       -0.03442363       -0.02926117       -0.00982217 
       -0.00433920       -0.01286332       -0.02092472       -0.02819411       -0.03419758       -0.02907407       -0.00975975 
       -0.00430706       -0.01276907       -0.02077442       -0.02799818       -0.03397259       -0.02888787       -0.00969753 
       -0.00427542       -0.01267570       -0.02062520       -0.02780356       -0.03374875       -0.02870238       -0.00963552 
       -0.00424373       -0.01258266       -0.02047685       -0.02760987       -0.03352587       -0.02851790       -0.00957388 
       -0.00421219       -0.01249009       -0.02032924       -0.02741733       -0.03330413       -0.02833393       -0.00951234 
       -0.00418094       -0.01239839       -0.02018285       -0.02722603       -0.03308356       -0.02815095       -0.00945127 
       -0.00414995       -0.01230717       -0.02003720       -0.02703571       -0.03286403       -0.02796884       -0.00939033 
       -0.00411908       -0.01221660       -0.01989251       -0.02684651       -0.03264557       -0.02778742       -0.00932979 
       -0.00408852       -0.01212656       -0.01974851       -0.02665830       -0.03242821       -0.02760699       -0.00926936 
       -0.00405806       -0.01203726       -0.01960579       -0.02647130       -0.03221187       -0.02742718       -0.00920936 
       -0.00402797       -0.01194854       -0.01946381       -0.02628537       -0.03199670       -0.02724826       -0.00914956 
       -0.00399787       -0.01186016       -0.01932268       -0.02610046       -0.03178245       -0.02707028       -0.00909001 
       -0.00396804       -0.01177248       -0.01918238       -0.02591668       -0.03156950       -0.02689290       -0.00903062 
       -0.00393848       -0.01168545       -0.01904307       -0.02573393       -0.03135750       -0.02671644       -0.00897169 
       -0.00390899       -0.01159890       -0.01890463       -0.02555229       -0.03114647       -0.02654110       -0.00891308 
       -0.00387989       -0.01151313       -0.01876707       -0.02537167       -0.03093667       -0.02636623       -0.00885464 
       -0.00385083       -0.01142763       -0.01863027       -0.02519205       -0.03072788       -0.02619228       -0.00879639 
       -0.00382195       -0.01134279       -0.01849446       -0.02501366       -0.03052019       -0.02601916       -0.00873852 
       -0.00379335       -0.01125862       -0.01835942       -0.02483614       -0.03031349       -0.02584691       -0.00868088 
       -0.00376489       -0.01117480       -0.01822524       -0.02465980       -0.03010798       -0.02567534       -0.00862347 
       -0.00373676       -0.01109183       -0.01809208       -0.02448449       -0.02990358       -0.02550487       -0.00856648 
       -0.00370862       -0.01100916       -0.01795956       -0.02431016       -0.02970013       -0.02533501       -0.00850967 
