        0.00000000        0.00000000        0.00000000        0.00000000        0.00000000        0.00000000        0.00000000        0.00000000 
        0.00000000        0.00000000        0.00000000        0.00000000        0.00000000        0.00000000        0.00000000        0.00000000 
       -0.00000123        0.00000000        0.00000000        0.00000000        0.00000123        0.00000122        0.00000000        0.00000000 
       -0.00000267       -0.00000042        0.00000000        0.00000042        0.00000267        0.00000287        0.00000065        0.00000000 
       -0.00000404       -0.00000075       -0.00000000        0.00000075        0.00000403        0.00000454        0.00000171        0.00000041 
       -0.00000645       -0.00000190        0.00000000        0.00000190        0.00000640        0.00000679        0.00000283        0.00000114 
       -0.00000935       -0.00000303        0.00000000        0.00000302        0.00000927        0.00000980        0.00000435        0.00000192 
       -0.00001290       -0.00000431       -0.00000000        0.00000428        0.00001274        0.00001355        0.00000639        0.00000300 
       -0.00001732       -0.00000591       -0.00000001        0.00000585        0.00001708        0.00001824        0.00000895        0.00000447 
       -0.00002293       -0.00000794       -0.00000003        0.00000783        0.00002258        0.00002415        0.00001213        0.00000631 
       -0.00003005       -0.00001053       -0.00000005        0.00001035        0.00002954        0.00003164        0.00001614        0.00000861 
       -0.00003905       -0.00001383       -0.00000009        0.00001355        0.00003834        0.00004109        0.00002123        0.00001151 
       -0.00005037       -0.00001800       -0.00000014        0.00001760        0.00004940        0.00005298        0.00002767        0.00001518 
       -0.00006452       -0.00002326       -0.00000020        0.00002270        0.00006323        0.00006783        0.00003576        0.00001983 
       -0.00008213       -0.00002986       -0.00000028        0.00002908        0.00008041        0.00008629        0.00004591        0.00002568 
       -0.00010388       -0.00003808       -0.00000038        0.00003704        0.00010163        0.00010910        0.00005854        0.00003302 
       -0.00013058       -0.00004826       -0.00000051        0.00004687        0.00012768        0.00013708        0.00007417        0.00004217 
       -0.00016316       -0.00006078       -0.00000068        0.00005896        0.00015943        0.00017121        0.00009341        0.00005351 
       -0.00020264       -0.00007607       -0.00000089        0.00007371        0.00019788        0.00021254        0.00011691        0.00006748 
       -0.00025017       -0.00009464       -0.00000115        0.00009160        0.00024413        0.00026229        0.00014545        0.00008458 
       -0.00030701       -0.00011703       -0.00000148        0.00011314        0.00029941        0.00032174        0.00017987        0.00010537 
       -0.00037452       -0.00014384       -0.00000189        0.00013891        0.00036501        0.00039233        0.00022112        0.00013049 
       -0.00045416       -0.00017574       -0.00000240        0.00016953        0.00044234        0.00047558        0.00027022        0.00016063 
       -0.00054748       -0.00021343       -0.00000303        0.00020565        0.00053287        0.00057307        0.00032826        0.00019657 
       -0.00065608       -0.00025766       -0.00000380        0.00024797        0.00063811        0.00068647        0.00039641        0.00023913 
       -0.00078156       -0.00030919       -0.00000473        0.00029720        0.00075962        0.00081744        0.00047589        0.00028919 
       -0.00092556       -0.00036883       -0.00000585        0.00035408        0.00089890        0.00096767        0.00056794        0.00034767 
       -0.00108963       -0.00043736       -0.00000720        0.00041931        0.00105742        0.00113874        0.00067380        0.00041553 
       -0.00127523       -0.00051554       -0.00000881        0.00049358        0.00123655        0.00133218        0.00079470        0.00049371 
       -0.00148366       -0.00060409       -0.00001072        0.00057753        0.00143747        0.00154930        0.00093179        0.00058316 
       -0.00171603       -0.00070366       -0.00001297        0.00067171        0.00166117        0.00179121        0.00108612        0.00068480 
       -0.00197314       -0.00081479       -0.00001560        0.00077658        0.00190835        0.00205875        0.00125859        0.00079944 
       -0.00225548       -0.00093789       -0.00001866        0.00089246        0.00217940        0.00235236        0.00144992        0.00092783 
       -0.00256312       -0.00107322       -0.00002219        0.00101949        0.00247428        0.00267211        0.00166057        0.00107057 
       -0.00289571       -0.00122084       -0.00002623        0.00115766        0.00279253        0.00301756        0.00189072        0.00122807 
       -0.00325235       -0.00138059       -0.00003084        0.00130671        0.00313320        0.00338776        0.00214023        0.00140055 
       -0.00363162       -0.00155207       -0.00003606        0.00146615        0.00349477        0.00378118        0.00240855        0.00158798 
       -0.00403152       -0.00173460       -0.00004192        0.00163524        0.00387522        0.00419569        0.00269476        0.00179005 
       -0.00444944       -0.00192724       -0.00004846        0.00181298        0.00427190        0.00462854        0.00299748        0.00200616 
       -0.00488219       -0.00212875       -0.00005571        0.00199807        0.00468163        0.00507638        0.00331487        0.00223537 
       -0.00532599       -0.00233759       -0.00006369        0.00218896        0.00510066        0.00553523        0.00364466        0.00247639 
       -0.00577654       -0.00255196       -0.00007241        0.00238384        0.00552477        0.00600059        0.00398410        0.00272759 
       -0.00622905       -0.00276978       -0.00008186        0.00258066        0.00594925        0.00646744        0.00433004        0.00298701 
       -0.00667831       -0.00298874       -0.00009203        0.00277716        0.00636905        0.00693036        0.00467892        0.00325232 
       -0.00711881       -0.00320633       -0.00010290        0.00297090        0.00677883        0.00738361        0.00502686        0.00352092 
       -0.00754486       -0.00341987       -0.00011442        0.00315935        0.00717310        0.00782124        0.00536970        0.00378990 
       -0.00795064       -0.00362661       -0.00012652        0.00333988        0.00754632        0.00823724        0.00570309        0.00405618 
       -0.00833042       -0.00382373       -0.00013915        0.00350986        0.00789303        0.00862566        0.00602260        0.00431645 
       -0.00867866       -0.00400845       -0.00015219        0.00366671        0.00820800        0.00898074        0.00632377        0.00456735 
       -0.00899012       -0.00417806       -0.00016555        0.00380799        0.00848635        0.00929711        0.00660226        0.00480546 
       -0.00926004       -0.00433003       -0.00017912        0.00393143        0.00872366        0.00956986        0.00685394        0.00502742 
       -0.00948425       -0.00446204       -0.00019274        0.00403498        0.00891613        0.00979470        0.00707499        0.00523001 
       -0.00965925       -0.00457205       -0.00020629        0.00411694        0.00906066        0.00996807        0.00726199        0.00541021 
       -0.00978234       -0.00465834       -0.00021960        0.00417591        0.00915492        0.01008726        0.00741204        0.00556529 
       -0.00985169       -0.00471961       -0.00023252        0.00421092        0.00919744        0.01015043        0.00752280        0.00569285 
       -0.00986635       -0.00475495       -0.00024489        0.00422138        0.00918764        0.01015671        0.00759258        0.00579095 
       -0.00982632       -0.00476388       -0.00025656        0.00420714        0.00912583        0.01010618        0.00762037        0.00585810 
       -0.00973250       -0.00474639       -0.00026735        0.00416851        0.00901320        0.00999990        0.00760587        0.00589332 
       -0.00958670       -0.00470291       -0.00027714        0.00410618        0.00885182        0.00983984        0.00754948        0.00589614 
       -0.00939156       -0.00463430       -0.00028578        0.00402129        0.00864453        0.00962884        0.00745231        0.00586668 
       -0.00915046       -0.00454181       -0.00029316        0.00391531        0.00839486        0.00937053        0.00731614        0.00580555 
       -0.00886746       -0.00442710       -0.00029918        0.00379006        0.00810699        0.00906923        0.00714334        0.00571391 
       -0.00854716       -0.00429208       -0.00030374        0.00364763        0.00778555        0.00872979        0.00693684        0.00559338 
       -0.00819458       -0.00413900       -0.00030680        0.00349033        0.00743556        0.00835752        0.00670001        0.00544601 
       -0.00781504       -0.00397025       -0.00030831        0.00332062        0.00706227        0.00795801        0.00643660        0.00527424 
       -0.00741402       -0.00378841       -0.00030826        0.00314105        0.00667103        0.00753703        0.00615063        0.00508082 
       -0.00699704       -0.00359612       -0.00030666        0.00295421        0.00626721        0.00710035        0.00584630        0.00486873 
       -0.00656951       -0.00339602       -0.00030354        0.00276265        0.00585600        0.00665364        0.00552786        0.00464110 
       -0.00613668       -0.00319074       -0.00029897        0.00256884        0.00544240        0.00620236        0.00519955        0.00440117 
       -0.00570347       -0.00298278       -0.00029302        0.00237510        0.00503103        0.00575164        0.00486548        0.00415217 
       -0.00527443       -0.00277453       -0.00028579        0.00218358        0.00462615        0.00530620        0.00452958        0.00389729 
       -0.00485368       -0.00256816       -0.00027738        0.00199623        0.00423154        0.00487028        0.00419549        0.00363957 
       -0.00444482       -0.00236567       -0.00026794        0.00181475        0.00385046        0.00444762        0.00386656        0.00338191 
       -0.00405096       -0.00216878       -0.00025758        0.00164057        0.00348566        0.00404136        0.00354575        0.00312694 
       -0.00367464       -0.00197899       -0.00024646        0.00147490        0.00313935        0.00365412        0.00323563        0.00287707 
       -0.00331788       -0.00179752       -0.00023473        0.00131865        0.00281321        0.00328792        0.00293836        0.00263440 
       -0.00298219       -0.00162536       -0.00022252        0.00117250        0.00250843        0.00294424        0.00265570        0.00240072 
       -0.00266857       -0.00146322       -0.00020999        0.00103687        0.00222571        0.00262406        0.00238897        0.00217751 
       -0.00237757       -0.00131159       -0.00019727        0.00091198        0.00196533        0.00232787        0.00213913        0.00196594 
       -0.00210935       -0.00117075       -0.00018450        0.00079783        0.00172718        0.00205572        0.00190674        0.00176688 
       -0.00186368       -0.00104078       -0.00017180        0.00069425        0.00151083        0.00180732        0.00169207        0.00158091 
       -0.00164005       -0.00092158       -0.00015929        0.00060094        0.00131556        0.00158203        0.00149505        0.00140836 
       -0.00143767       -0.00081291       -0.00014706        0.00051746        0.00114043        0.00137896        0.00131538        0.00124929 
       -0.00125555       -0.00071440       -0.00013521        0.00044328        0.00098433        0.00119700        0.00115253        0.00110358 
       -0.00109257       -0.00062560       -0.00012379        0.00037780        0.00084601        0.00103491        0.00100579        0.00097091 
       -0.00094747       -0.00054597       -0.00011289        0.00032038        0.00072416        0.00089131        0.00087433        0.00085083 
       -0.00081894       -0.00047492       -0.00010254        0.00027034        0.00061741        0.00076479        0.00075720        0.00074276 
       -0.00070564       -0.00041183       -0.00009278        0.00022701        0.00052441        0.00065390        0.00065340        0.00064603 
       -0.00060621       -0.00035607       -0.00008363        0.00018972        0.00044380        0.00055718        0.00056187        0.00055989 
       -0.00051935       -0.00030701       -0.00007510        0.00015782        0.00037430        0.00047324        0.00048157        0.00048359 
       -0.00044378       -0.00026401       -0.00006720        0.00013069        0.00031465        0.00040073        0.00041145        0.00041633 
       -0.00037829       -0.00022648       -0.00005992        0.00010775        0.00026370        0.00033836        0.00035050        0.00035731 
       -0.00032175       -0.00019384       -0.00005324        0.00008846        0.00022037        0.00028494        0.00029775        0.00030575 
       -0.00027311       -0.00016556       -0.00004716        0.00007232        0.00018368        0.00023937        0.00025227        0.00026091 
       -0.00023139       -0.00014114       -0.00004163        0.00005890        0.00015274        0.00020064        0.00021323        0.00022207 
       -0.00019572       -0.00012010       -0.00003664        0.00004779        0.00012674        0.00016784        0.00017983        0.00018855 
       -0.00016531       -0.00010204       -0.00003215        0.00003864        0.00010497        0.00014016        0.00015136        0.00015974 
       -0.00013945       -0.00008657       -0.00002813        0.00003114        0.00008680        0.00011686        0.00012717        0.00013505 
       -0.00011750       -0.00007335       -0.00002454        0.00002502        0.00007169        0.00009731        0.00010668        0.00011397 
       -0.00009892       -0.00006208       -0.00002136        0.00002005        0.00005914        0.00008095        0.00008936        0.00009601 
       -0.00008321       -0.00005250       -0.00001854        0.00001603        0.00004875        0.00006728        0.00007477        0.00008077 
       -0.00006996       -0.00004435       -0.00001605        0.00001279        0.00004017        0.00005588        0.00006250        0.00006786 
       -0.00005879       -0.00003744       -0.00001387        0.00001019        0.00003309        0.00004640        0.00005220        0.00005695 
       -0.00004939       -0.00003159       -0.00001196        0.00000811        0.00002726        0.00003852        0.00004357        0.00004775 
       -0.00004148       -0.00002665       -0.00001028        0.00000645        0.00002246        0.00003198        0.00003636        0.00004001 
       -0.00003484       -0.00002246       -0.00000883        0.00000512        0.00001852        0.00002655        0.00003033        0.00003350 
       -0.00002926       -0.00001893       -0.00000757        0.00000407        0.00001528        0.00002206        0.00002530        0.00002804 
       -0.00002458       -0.00001595       -0.00000648        0.00000324        0.00001262        0.00001833        0.00002111        0.00002346 
       -0.00002064       -0.00001344       -0.00000553        0.00000258        0.00001043        0.00001524        0.00001761        0.00001963 
       -0.00001735       -0.00001132       -0.00000472        0.00000206        0.00000863        0.00001268        0.00001470        0.00001642 
       -0.00001458       -0.00000954       -0.00000402        0.00000164        0.00000715        0.00001056        0.00001227        0.00001374 
       -0.00001225       -0.00000803       -0.00000342        0.00000132        0.00000593        0.00000880        0.00001025        0.00001150 
       -0.00001030       -0.00000677       -0.00000291        0.00000106        0.00000493        0.00000734        0.00000857        0.00000963 
       -0.00000867       -0.00000570       -0.00000247        0.00000085        0.00000410        0.00000613        0.00000717        0.00000806 
       -0.00000729       -0.00000480       -0.00000210        0.00000069        0.00000342        0.00000513        0.00000600        0.00000675 
       -0.00000614       -0.00000405       -0.00000178        0.00000056        0.00000285        0.00000429        0.00000502        0.00000566 
       -0.00000517       -0.00000341       -0.00000151        0.00000046        0.00000238        0.00000359        0.00000421        0.00000474 
       -0.00000435       -0.00000287       -0.00000127        0.00000037        0.00000199        0.00000301        0.00000353        0.00000398 
       -0.00000367       -0.00000242       -0.00000108        0.00000031        0.00000167        0.00000252        0.00000296        0.00000334 
       -0.00000309       -0.00000204       -0.00000091        0.00000025        0.00000140        0.00000212        0.00000248        0.00000280 
       -0.00000260       -0.00000172       -0.00000077        0.00000021        0.00000117        0.00000178        0.00000209        0.00000236 
       -0.00000220       -0.00000145       -0.00000065        0.00000017        0.00000098        0.00000150        0.00000175        0.00000198 
       -0.00000185       -0.00000122       -0.00000055        0.00000014        0.00000083        0.00000126        0.00000148        0.00000166 
       -0.00000156       -0.00000103       -0.00000046        0.00000012        0.00000070        0.00000106        0.00000124        0.00000140 
       -0.00000132       -0.00000087       -0.00000039        0.00000010        0.00000059        0.00000089        0.00000104        0.00000118 
       -0.00000111       -0.00000074       -0.00000033        0.00000008        0.00000049        0.00000075        0.00000088        0.00000099 
       -0.00000094       -0.00000062       -0.00000028        0.00000007        0.00000042        0.00000063        0.00000074        0.00000084 
       -0.00000079       -0.00000052       -0.00000024        0.00000006        0.00000035        0.00000053        0.00000062        0.00000070 
       -0.00000067       -0.00000044       -0.00000020        0.00000005        0.00000030        0.00000045        0.00000053        0.00000059 
       -0.00000056       -0.00000037       -0.00000017        0.00000004        0.00000025        0.00000038        0.00000044        0.00000050 
       -0.00000048       -0.00000031       -0.00000014        0.00000004        0.00000021        0.00000032        0.00000037        0.00000042 
       -0.00000040       -0.00000027       -0.00000012        0.00000003        0.00000018        0.00000027        0.00000032        0.00000036 
       -0.00000034       -0.00000022       -0.00000010        0.00000003        0.00000015        0.00000023        0.00000027        0.00000030 
       -0.00000029       -0.00000019       -0.00000009        0.00000002        0.00000013        0.00000019        0.00000023        0.00000025 
       -0.00000024       -0.00000016       -0.00000007        0.00000002        0.00000011        0.00000016        0.00000019        0.00000021 
       -0.00000021       -0.00000014       -0.00000006        0.00000002        0.00000009        0.00000014        0.00000016        0.00000018 
       -0.00000017       -0.00000011       -0.00000005        0.00000001        0.00000008        0.00000012        0.00000014        0.00000015 
       -0.00000015       -0.00000010       -0.00000004        0.00000001        0.00000007        0.00000010        0.00000011        0.00000013 
       -0.00000012       -0.00000008       -0.00000004        0.00000001        0.00000006        0.00000008        0.00000010        0.00000011 
       -0.00000010       -0.00000007       -0.00000003        0.00000001        0.00000005        0.00000007        0.00000008        0.00000009 
       -0.00000009       -0.00000006       -0.00000003        0.00000001        0.00000004        0.00000006        0.00000007        0.00000008 
       -0.00000007       -0.00000005       -0.00000002        0.00000001        0.00000003        0.00000005        0.00000006        0.00000007 
       -0.00000006       -0.00000004       -0.00000002        0.00000001        0.00000003        0.00000004        0.00000005        0.00000006 
       -0.00000005       -0.00000004       -0.00000002        0.00000000        0.00000002        0.00000004        0.00000004        0.00000005 
       -0.00000005       -0.00000003       -0.00000001        0.00000000        0.00000002        0.00000003        0.00000004        0.00000004 
       -0.00000004       -0.00000003       -0.00000001        0.00000000        0.00000002        0.00000003        0.00000003        0.00000003 
       -0.00000003       -0.00000002       -0.00000001        0.00000000        0.00000001        0.00000002        0.00000003        0.00000003 
       -0.00000003       -0.00000002       -0.00000001        0.00000000        0.00000001        0.00000002        0.00000002        0.00000002 
       -0.00000002       -0.00000002       -0.00000001        0.00000000        0.00000001        0.00000002        0.00000002        0.00000002 
       -0.00000002       -0.00000001       -0.00000001        0.00000000        0.00000001        0.00000001        0.00000002        0.00000002 
       -0.00000002       -0.00000001       -0.00000000        0.00000000        0.00000001        0.00000001        0.00000001        0.00000001 
       -0.00000001       -0.00000001       -0.00000000        0.00000000        0.00000001        0.00000001        0.00000001        0.00000001 
       -0.00000001       -0.00000001       -0.00000000        0.00000000        0.00000001        0.00000001        0.00000001        0.00000001 
       -0.00000001       -0.00000001       -0.00000000        0.00000000        0.00000000        0.00000001        0.00000001        0.00000001 
       -0.00000001       -0.00000001       -0.00000000        0.00000000        0.00000000        0.00000001        0.00000001        0.00000001 
       -0.00000001       -0.00000000       -0.00000000        0.00000000        0.00000000        0.00000000        0.00000001        0.00000001 
       -0.00000001       -0.00000000       -0.00000000        0.00000000        0.00000000        0.00000000        0.00000000        0.00000001 
       -0.00000001       -0.00000000       -0.00000000        0.00000000        0.00000000        0.00000000        0.00000000        0.00000000 
       -0.00000000       -0.00000000       -0.00000000        0.00000000        0.00000000        0.00000000        0.00000000        0.00000000 
       -0.00000000       -0.00000000       -0.00000000        0.00000000        0.00000000        0.00000000        0.00000000        0.00000000 
       -0.00000000       -0.00000000       -0.00000000        0.00000000        0.00000000        0.00000000        0.00000000        0.00000000 
       -0.00000000       -0.00000000       -0.00000000        0.00000000        0.00000000        0.00000000        0.00000000        0.00000000 
       -0.00000000       -0.00000000       -0.00000000        0.00000000        0.00000000        0.00000000        0.00000000        0.00000000 
       -0.00000000       -0.00000000       -0.00000000        0.00000000        0.00000000        0.00000000        0.00000000        0.00000000 
       -0.00000000       -0.00000000       -0.00000000        0.00000000        0.00000000        0.00000000        0.00000000        0.00000000 
       -0.00000000       -0.00000000       -0.00000000        0.00000000        0.00000000        0.00000000        0.00000000        0.00000000 
       -0.00000000       -0.00000000       -0.00000000        0.00000000        0.00000000        0.00000000        0.00000000        0.00000000 
       -0.00000000       -0.00000000       -0.00000000        0.00000000        0.00000000        0.00000000        0.00000000        0.00000000 
       -0.00000000       -0.00000000       -0.00000000        0.00000000        0.00000000        0.00000000        0.00000000        0.00000000 
       -0.00000000       -0.00000000       -0.00000000        0.00000000        0.00000000        0.00000000        0.00000000        0.00000000 
       -0.00000000       -0.00000000       -0.00000000        0.00000000        0.00000000        0.00000000        0.00000000        0.00000000 
       -0.00000000       -0.00000000       -0.00000000        0.00000000        0.00000000        0.00000000        0.00000000        0.00000000 
       -0.00000000       -0.00000000       -0.00000000        0.00000000        0.00000000        0.00000000        0.00000000        0.00000000 
       -0.00000000       -0.00000000       -0.00000000        0.00000000        0.00000000        0.00000000        0.00000000        0.00000000 
       -0.00000000       -0.00000000       -0.00000000        0.00000000        0.00000000        0.00000000        0.00000000        0.00000000 
       -0.00000000       -0.00000000       -0.00000000        0.00000000        0.00000000        0.00000000        0.00000000        0.00000000 
       -0.00000000       -0.00000000       -0.00000000        0.00000000        0.00000000        0.00000000        0.00000000        0.00000000 
       -0.00000000       -0.00000000       -0.00000000        0.00000000        0.00000000        0.00000000        0.00000000        0.00000000 
       -0.00000000       -0.00000000       -0.00000000        0.00000000        0.00000000        0.00000000        0.00000000        0.00000000 
       -0.00000000       -0.00000000       -0.00000000        0.00000000        0.00000000        0.00000000        0.00000000        0.00000000 
       -0.00000000       -0.00000000       -0.00000000        0.00000000        0.00000000        0.00000000        0.00000000        0.00000000 
       -0.00000000       -0.00000000       -0.00000000        0.00000000        0.00000000        0.00000000        0.00000000        0.00000000 
       -0.00000000       -0.00000000       -0.00000000        0.00000000        0.00000000        0.00000000        0.00000000        0.00000000 
       -0.00000000       -0.00000000       -0.00000000        0.00000000        0.00000000        0.00000000        0.00000000        0.00000000 
       -0.00000000       -0.00000000       -0.00000000        0.00000000        0.00000000        0.00000000        0.00000000        0.00000000 
       -0.00000000       -0.00000000       -0.00000000        0.00000000        0.00000000        0.00000000        0.00000000        0.00000000 
       -0.00000000       -0.00000000       -0.00000000        0.00000000        0.00000000        0.00000000        0.00000000        0.00000000 
       -0.00000000       -0.00000000       -0.00000000        0.00000000        0.00000000        0.00000000        0.00000000        0.00000000 
       -0.00000000       -0.00000000       -0.00000000        0.00000000        0.00000000        0.00000000        0.00000000        0.00000000 
       -0.00000000       -0.00000000       -0.00000000        0.00000000        0.00000000        0.00000000        0.00000000        0.00000000 
       -0.00000000       -0.00000000       -0.00000000        0.00000000        0.00000000        0.00000000        0.00000000        0.00000000 
       -0.00000000       -0.00000000       -0.00000000        0.00000000        0.00000000        0.00000000        0.00000000        0.00000000 
       -0.00000000       -0.00000000       -0.00000000        0.00000000        0.00000000        0.00000000        0.00000000        0.00000000 
       -0.00000000       -0.00000000       -0.00000000        0.00000000        0.00000000        0.00000000        0.00000000        0.00000000 
       -0.00000000       -0.00000000       -0.00000000        0.00000000        0.00000000        0.00000000        0.00000000        0.00000000 
       -0.00000000       -0.00000000       -0.00000000        0.00000000        0.00000000        0.00000000        0.00000000        0.00000000 
       -0.00000000       -0.00000000       -0.00000000        0.00000000        0.00000000        0.00000000        0.00000000        0.00000000 
       -0.00000000       -0.00000000       -0.00000000        0.00000000        0.00000000        0.00000000        0.00000000        0.00000000 
       -0.00000000       -0.00000000       -0.00000000        0.00000000        0.00000000        0.00000000        0.00000000        0.00000000 
       -0.00000000       -0.00000000       -0.00000000        0.00000000        0.00000000        0.00000000        0.00000000        0.00000000 
