        0.00000000        0.00000000        0.00000000        0.00000000        0.00000000        0.00000000 
        0.00000000        0.00000000        0.00000000        0.00000000        0.00000000        0.00000000 
        0.00000000        0.00000000        0.00000000        0.00000000        0.00000000        0.00000000 
        0.00000000        0.00000000        0.00000009        0.00000009        0.00000000        0.00000000 
        0.00000000        0.00000000        0.00000013        0.00000013        0.00000000        0.00000000 
        0.00000000        0.00000000        0.00000022        0.00000024        0.00000002        0.00000000 
       -0.00000000        0.00000000        0.00000026        0.00000031        0.00000005        0.00000000 
        0.00000000        0.00000004        0.00000037        0.00000042        0.00000008        0.00000000 
        0.00000000        0.00000003        0.00000044        0.00000053        0.00000013        0.00000002 
        0.00000002        0.00000008        0.00000057        0.00000067        0.00000019        0.00000003 
        0.00000002        0.00000011        0.00000069        0.00000081        0.00000026        0.00000006 
        0.00000004        0.00000016        0.00000084        0.00000098        0.00000033        0.00000008 
        0.00000006        0.00000022        0.00000101        0.00000117        0.00000042        0.00000011 
        0.00000007        0.00000029        0.00000121        0.00000138        0.00000053        0.00000014 
        0.00000009        0.00000037        0.00000142        0.00000162        0.00000064        0.00000017 
        0.00000011        0.00000046        0.00000166        0.00000188        0.00000076        0.00000021 
        0.00000014        0.00000056        0.00000192        0.00000217        0.00000090        0.00000024 
        0.00000017        0.00000067        0.00000222        0.00000248        0.00000105        0.00000029 
        0.00000020        0.00000080        0.00000254        0.00000283        0.00000122        0.00000034 
        0.00000024        0.00000094        0.00000290        0.00000321        0.00000140        0.00000040 
        0.00000029        0.00000110        0.00000329        0.00000363        0.00000159        0.00000045 
        0.00000033        0.00000128        0.00000373        0.00000410        0.00000182        0.00000052 
        0.00000039        0.00000147        0.00000420        0.00000461        0.00000206        0.00000059 
        0.00000045        0.00000168        0.00000473        0.00000517        0.00000232        0.00000067 
        0.00000051        0.00000192        0.00000530        0.00000579        0.00000262        0.00000076 
        0.00000059        0.00000218        0.00000594        0.00000646        0.00000294        0.00000086 
        0.00000067        0.00000246        0.00000663        0.00000721        0.00000329        0.00000096 
        0.00000076        0.00000277        0.00000739        0.00000802        0.00000368        0.00000108 
        0.00000086        0.00000311        0.00000823        0.00000892        0.00000411        0.00000120 
        0.00000097        0.00000349        0.00000915        0.00000990        0.00000457        0.00000134 
        0.00000108        0.00000390        0.00001015        0.00001098        0.00000509        0.00000150 
        0.00000121        0.00000435        0.00001125        0.00001216        0.00000565        0.00000167 
        0.00000136        0.00000484        0.00001246        0.00001346        0.00000627        0.00000185 
        0.00000151        0.00000539        0.00001379        0.00001488        0.00000695        0.00000205 
        0.00000169        0.00000598        0.00001524        0.00001644        0.00000769        0.00000228 
        0.00000187        0.00000663        0.00001683        0.00001815        0.00000851        0.00000252 
        0.00000208        0.00000735        0.00001857        0.00002001        0.00000940        0.00000279 
        0.00000231        0.00000814        0.00002048        0.00002206        0.00001038        0.00000308 
        0.00000256        0.00000900        0.00002257        0.00002430        0.00001146        0.00000341 
        0.00000283        0.00000994        0.00002485        0.00002674        0.00001263        0.00000376 
        0.00000312        0.00001097        0.00002735        0.00002942        0.00001392        0.00000415 
        0.00000345        0.00001210        0.00003007        0.00003234        0.00001533        0.00000457 
        0.00000381        0.00001334        0.00003305        0.00003553        0.00001687        0.00000503 
        0.00000420        0.00001469        0.00003630        0.00003900        0.00001855        0.00000554 
        0.00000463        0.00001617        0.00003984        0.00004280        0.00002039        0.00000609 
        0.00000509        0.00001779        0.00004371        0.00004694        0.00002240        0.00000670 
        0.00000560        0.00001956        0.00004792        0.00005144        0.00002459        0.00000736 
        0.00000616        0.00002149        0.00005251        0.00005635        0.00002697        0.00000808 
        0.00000677        0.00002360        0.00005751        0.00006169        0.00002958        0.00000887 
        0.00000744        0.00002590        0.00006295        0.00006750        0.00003241        0.00000972 
        0.00000817        0.00002840        0.00006886        0.00007381        0.00003550        0.00001066 
        0.00000896        0.00003113        0.00007528        0.00008067        0.00003886        0.00001167 
        0.00000982        0.00003411        0.00008226        0.00008812        0.00004251        0.00001278 
        0.00001076        0.00003734        0.00008984        0.00009621        0.00004648        0.00001399 
        0.00001178        0.00004086        0.00009806        0.00010497        0.00005079        0.00001529 
        0.00001290        0.00004469        0.00010697        0.00011448        0.00005547        0.00001672 
        0.00001411        0.00004885        0.00011663        0.00012477        0.00006055        0.00001826 
        0.00001543        0.00005337        0.00012709        0.00013592        0.00006606        0.00001994 
        0.00001686        0.00005827        0.00013842        0.00014799        0.00007203        0.00002176 
        0.00001841        0.00006359        0.00015068        0.00016103        0.00007850        0.00002373 
        0.00002010        0.00006936        0.00016393        0.00017514        0.00008550        0.00002586 
        0.00002192        0.00007561        0.00017825        0.00019037        0.00009308        0.00002817 
        0.00002390        0.00008238        0.00019372        0.00020682        0.00010127        0.00003067 
        0.00002605        0.00008970        0.00021042        0.00022457        0.00011012        0.00003338 
        0.00002837        0.00009762        0.00022844        0.00024371        0.00011968        0.00003630 
        0.00003089        0.00010619        0.00024787        0.00026434        0.00013000        0.00003946 
        0.00003361        0.00011545        0.00026880        0.00028657        0.00014114        0.00004287 
        0.00003654        0.00012544        0.00029135        0.00031049        0.00015314        0.00004655 
        0.00003972        0.00013623        0.00031562        0.00033624        0.00016608        0.00005052 
        0.00004314        0.00014786        0.00034172        0.00036392        0.00018001        0.00005480 
        0.00004684        0.00016040        0.00036980        0.00039367        0.00019501        0.00005941 
        0.00005083        0.00017392        0.00039996        0.00042563        0.00021115        0.00006437 
        0.00005512        0.00018847        0.00043235        0.00045994        0.00022849        0.00006971 
        0.00005975        0.00020412        0.00046712        0.00049674        0.00024713        0.00007544 
        0.00006473        0.00022096        0.00050441        0.00053621        0.00026715        0.00008161 
        0.00007009        0.00023907        0.00054439        0.00057850        0.00028863        0.00008824 
        0.00007585        0.00025851        0.00058723        0.00062379        0.00031167        0.00009535 
        0.00008204        0.00027939        0.00063310        0.00067227        0.00033637        0.00010298 
        0.00008868        0.00030179        0.00068220        0.00072414        0.00036284        0.00011115 
        0.00009582        0.00032581        0.00073471        0.00077958        0.00039118        0.00011992 
        0.00010347        0.00035156        0.00079084        0.00083883        0.00042150        0.00012930 
        0.00011168        0.00037914        0.00085080        0.00090210        0.00045394        0.00013935 
        0.00012047        0.00040866        0.00091483        0.00096963        0.00048860        0.00015010 
        0.00012989        0.00044024        0.00098315        0.00104166        0.00052564        0.00016158 
        0.00013996        0.00047402        0.00105602        0.00111844        0.00056518        0.00017386 
        0.00015074        0.00051011        0.00113368        0.00120024        0.00060737        0.00018696 
        0.00016226        0.00054865        0.00121641        0.00128735        0.00065236        0.00020095 
        0.00017457        0.00058980        0.00130448        0.00138004        0.00070031        0.00021587 
        0.00018771        0.00063369        0.00139819        0.00147862        0.00075138        0.00023177 
        0.00020173        0.00068048        0.00149784        0.00158340        0.00080575        0.00024871 
        0.00021669        0.00073033        0.00160373        0.00169470        0.00086359        0.00026674 
        0.00023263        0.00078342        0.00171621        0.00181287        0.00092509        0.00028593 
        0.00024960        0.00083992        0.00183560        0.00193825        0.00099044        0.00030633 
        0.00026768        0.00090001        0.00196225        0.00207120        0.00105984        0.00032802 
        0.00028691        0.00096389        0.00209654        0.00221210        0.00113351        0.00035105 
        0.00030735        0.00103175        0.00223883        0.00236134        0.00121164        0.00037550 
        0.00032908        0.00110380        0.00238951        0.00251930        0.00129448        0.00040144 
        0.00035216        0.00118024        0.00254898        0.00268641        0.00138224        0.00042894 
        0.00037665        0.00126131        0.00271766        0.00286309        0.00147516        0.00045808 
        0.00040263        0.00134723        0.00289597        0.00304977        0.00157350        0.00048893 
        0.00043018        0.00143823        0.00308436        0.00324693        0.00167753        0.00052162 
        0.00045938        0.00153458        0.00328326        0.00345497        0.00178746        0.00055618 
        0.00049029        0.00163649        0.00349313        0.00367442        0.00190357        0.00059269 
        0.00052299        0.00174424        0.00371446        0.00390573        0.00202615        0.00063127 
        0.00055758        0.00185809        0.00394773        0.00414942        0.00215548        0.00067200 
        0.00059414        0.00197831        0.00419343        0.00440598        0.00229185        0.00071498 
        0.00063276        0.00210519        0.00445208        0.00467594        0.00243555        0.00076031 
        0.00067353        0.00223902        0.00472419        0.00495982        0.00258689        0.00080807 
        0.00071655        0.00238009        0.00501028        0.00525815        0.00274618        0.00085838 
        0.00076191        0.00252869        0.00531089        0.00557150        0.00291373        0.00091134 
        0.00080971        0.00268514        0.00562658        0.00590041        0.00308987        0.00096705 
        0.00086005        0.00284975        0.00595790        0.00624544        0.00327492        0.00102562 
        0.00091303        0.00302284        0.00630539        0.00660716        0.00346920        0.00108716 
        0.00096877        0.00320474        0.00666965        0.00698616        0.00367308        0.00115178 
        0.00102735        0.00339577        0.00705123        0.00738300        0.00388687        0.00121960 
        0.00108891        0.00359629        0.00745072        0.00779830        0.00411094        0.00129072 
        0.00115354        0.00380661        0.00786871        0.00823261        0.00434563        0.00136527 
        0.00122135        0.00402709        0.00830577        0.00868654        0.00459128        0.00144335 
        0.00129245        0.00425806        0.00876249        0.00916068        0.00484825        0.00152510 
        0.00136698        0.00449990        0.00923949        0.00965564        0.00511692        0.00161062 
        0.00144503        0.00475294        0.00973732        0.01017200        0.00539761        0.00170003 
        0.00152673        0.00501754        0.01025659        0.01071033        0.00569070        0.00179346 
        0.00161218        0.00529406        0.01079788        0.01127124        0.00599652        0.00189102 
        0.00170152        0.00558285        0.01136177        0.01185533        0.00631547        0.00199284 
        0.00179485        0.00588426        0.01194883        0.01246313        0.00664787        0.00209902 
        0.00189230        0.00619866        0.01255964        0.01309523        0.00699407        0.00220970 
        0.00199398        0.00652637        0.01319475        0.01375218        0.00735443        0.00232498 
        0.00210001        0.00686777        0.01385470        0.01443454        0.00772930        0.00244499 
        0.00221049        0.00722319        0.01454006        0.01514282        0.00811898        0.00256983 
        0.00232556        0.00759298        0.01525131        0.01587754        0.00852383        0.00269961 
        0.00244533        0.00797746        0.01598899        0.01663922        0.00894416        0.00283447 
        0.00256988        0.00837696        0.01675357        0.01742831        0.00938029        0.00297448 
        0.00269935        0.00879179        0.01754554        0.01824531        0.00983251        0.00311977 
        0.00283385        0.00922229        0.01836533        0.01909062        0.01030114        0.00327043 
        0.00297347        0.00966872        0.01921337        0.01996469        0.01078643        0.00342657 
        0.00311831        0.01013140        0.02009008        0.02086786        0.01128865        0.00358827 
        0.00326846        0.01061058        0.02099581        0.02180055        0.01180806        0.00375561 
        0.00342403        0.01110654        0.02193091        0.02276304        0.01234491        0.00392870 
        0.00358512        0.01161954        0.02289572        0.02375568        0.01289940        0.00410760 
        0.00375177        0.01214977        0.02389050        0.02477866        0.01347172        0.00429240 
        0.00392411        0.01269749        0.02491550        0.02583227        0.01406209        0.00448315 
        0.00410216        0.01326285        0.02597094        0.02691669        0.01467065        0.00467993 
        0.00428605        0.01384607        0.02705697        0.02803205        0.01529757        0.00488279 
        0.00447581        0.01444729        0.02817374        0.02917847        0.01594292        0.00509176 
        0.00467146        0.01506663        0.02932134        0.03035596        0.01660680        0.00530688 
        0.00487310        0.01570420        0.03049978        0.03156466        0.01728934        0.00552822 
        0.00508077        0.01636012        0.03170907        0.03280441        0.01799050        0.00575576 
        0.00529447        0.01703439        0.03294919        0.03407522        0.01871036        0.00598954 
        0.00551423        0.01772708        0.03422003        0.03537694        0.01944888        0.00622955 
        0.00574006        0.01843818        0.03552139        0.03670936        0.02020603        0.00647580 
        0.00597201        0.01916771        0.03685311        0.03807226        0.02098170        0.00672825 
        0.00621001        0.01991552        0.03821494        0.03946537        0.02177585        0.00698690 
        0.00645410        0.02068161        0.03960649        0.04088828        0.02258828        0.00725172 
        0.00670422        0.02146582        0.04102746        0.04234064        0.02341884        0.00752264 
        0.00696035        0.02226799        0.04247736        0.04382199        0.02426735        0.00779961 
        0.00722247        0.02308797        0.04395574        0.04533176        0.02513354        0.00808258 
        0.00749046        0.02392548        0.04546198        0.04686936        0.02601718        0.00837146 
        0.00776429        0.02478032        0.04699555        0.04843417        0.02691791        0.00866616 
        0.00804387        0.02565213        0.04855569        0.05002543        0.02783537        0.00896655 
        0.00832910        0.02654058        0.05014170        0.05164244        0.02876924        0.00927255 
        0.00861990        0.02744535        0.05175275        0.05328434        0.02971904        0.00958401 
        0.00891617        0.02836605        0.05338795        0.05495013        0.03068432        0.00990079 
        0.00921772        0.02930214        0.05504644        0.05663903        0.03166462        0.01022274 
        0.00952440        0.03025313        0.05672711        0.05834978        0.03265934        0.01054970 
        0.00983607        0.03121853        0.05842898        0.06008144        0.03366794        0.01088148 
        0.01015260        0.03219781        0.06015093        0.06183287        0.03468980        0.01121788 
        0.01047381        0.03319032        0.06189163        0.06360272        0.03572426        0.01155872 
        0.01079945        0.03419540        0.06364995        0.06538972        0.03677060        0.01190374 
        0.01112928        0.03521232        0.06542457        0.06719269        0.03782813        0.01225273 
        0.01146317        0.03624043        0.06721408        0.06901009        0.03889612        0.01260546 
        0.01180083        0.03727894        0.06901706        0.07084054        0.03997375        0.01296170 
        0.01214203        0.03832703        0.07083196        0.07268237        0.04106002        0.01332105 
        0.01248645        0.03938385        0.07265732        0.07453415        0.04215425        0.01368337 
        0.01283387        0.04044847        0.07449145        0.07639429        0.04325546        0.01404832 
        0.01318402        0.04152016        0.07633270        0.07826093        0.04436271        0.01441558 
        0.01353652        0.04259768        0.07817939        0.08013251        0.04547511        0.01478487 
        0.01389110        0.04368030        0.08002973        0.08200713        0.04659149        0.01515581 
        0.01424750        0.04476687        0.08188199        0.08388306        0.04771091        0.01552812 
        0.01460526        0.04585636        0.08373423        0.08575857        0.04883236        0.01590145 
        0.01496407        0.04694763        0.08558455        0.08763146        0.04995458        0.01627539 
        0.01532368        0.04803976        0.08743115        0.08950001        0.05107662        0.01664961 
        0.01568358        0.04913129        0.08927192        0.09136230        0.05219732        0.01702373 
        0.01604345        0.05022135        0.09110495        0.09321606        0.05331543        0.01739740 
        0.01640294        0.05130869        0.09292829        0.09505965        0.05442989        0.01777023 
        0.01676159        0.05239201        0.09473981        0.09689078        0.05553943        0.01814175 
        0.01711902        0.05347009        0.09653746        0.09870760        0.05664282        0.01851162 
        0.01747490        0.05454177        0.09831914        0.10050772        0.05773893        0.01887947 
        0.01782873        0.05560578        0.10008287        0.10228948        0.05882640        0.01924482 
        0.01817999        0.05666065        0.10182640        0.10405049        0.05990423        0.01960737 
        0.01852852        0.05770542        0.10354766        0.10578880        0.06097087        0.01996656 
        0.01887369        0.05873854        0.10524462        0.10750225        0.06202519        0.02032197 
        0.01921512        0.05975886        0.10691532        0.10918877        0.06306599        0.02067334 
        0.01955243        0.06076503        0.10855731        0.11084639        0.06409195        0.02102013 
        0.01988505        0.06175569        0.11016884        0.11247310        0.06510195        0.02136198 
        0.02021272        0.06272972        0.11174776        0.11406672        0.06609458        0.02169842 
        0.02053479        0.06368557        0.11329195        0.11562544        0.06706870        0.02202906 
        0.02085105        0.06462212        0.11479937        0.11714706        0.06802313        0.02235351 
        0.02116100        0.06553823        0.11626843        0.11862984        0.06895661        0.02267135 
        0.02146412        0.06643248        0.11769678        0.12007165        0.06986786        0.02298214 
        0.02176006        0.06730351        0.11908269        0.12147097        0.07075594        0.02328551 
        0.02204855        0.06815039        0.12042403        0.12282570        0.07161957        0.02358118 
        0.02232883        0.06897165        0.12171948        0.12413400        0.07245755        0.02386856 
        0.02260070        0.06976621        0.12296684        0.12539455        0.07326898        0.02414747 
        0.02286381        0.07053314        0.12416479        0.12660536        0.07405263        0.02441737 
        0.02311769        0.07127112        0.12531152        0.12776503        0.07480758        0.02467805 
        0.02336210        0.07197908        0.12640521        0.12887174        0.07553273        0.02492908 
        0.02359641        0.07265589        0.12744492        0.12992451        0.07622725        0.02517018 
        0.02382053        0.07330069        0.12842852        0.13092154        0.07689017        0.02540103 
        0.02403390        0.07391253        0.12935522        0.13186148        0.07752052        0.02562127 
        0.02423632        0.07449034        0.13022354        0.13274378        0.07811785        0.02583070 
        0.02442755        0.07503355        0.13103226        0.13356629        0.07868075        0.02602893 
        0.02460712        0.07554096        0.13178018        0.13432857        0.07920882        0.02621575 
        0.02477475        0.07601187        0.13246641        0.13502944        0.07970148        0.02639098 
        0.02493030        0.07644576        0.13309017        0.13566801        0.08015779        0.02655421 
        0.02507360        0.07684195        0.13364998        0.13624361        0.08057743        0.02670550 
        0.02520408        0.07719958        0.13414600        0.13675550        0.08095971        0.02684432 
        0.02532169        0.07751811        0.13457656        0.13720268        0.08130410        0.02697079 
        0.02542654        0.07779747        0.13494182        0.13758504        0.08161029        0.02708462 
        0.02551793        0.07803655        0.13524112        0.13790190        0.08187786        0.02718562 
        0.02559614        0.07823557        0.13547397        0.13815305        0.08210635        0.02727360 
        0.02566063        0.07839370        0.13564017        0.13833833        0.08229572        0.02734874 
        0.02571160        0.07851094        0.13573945        0.13845748        0.08244598        0.02741088 
        0.02574883        0.07858726        0.13577208        0.13851035        0.08255622        0.02745964 
        0.02577232        0.07862216        0.13573772        0.13849708        0.08262700        0.02749527 
        0.02578193        0.07861575        0.13563639        0.13841763        0.08265802        0.02751765 
        0.02577773        0.07856795        0.13546845        0.13827276        0.08264965        0.02752687 
        0.02575958        0.07847908        0.13523477        0.13806245        0.08260179        0.02752283 
        0.02572754        0.07834879        0.13493460        0.13778710        0.08251420        0.02750556 
        0.02568179        0.07817775        0.13456956        0.13744703        0.08238772        0.02747528 
        0.02562222        0.07796592        0.13413978        0.13704312        0.08222204        0.02743173 
        0.02554896        0.07771379        0.13364610        0.13657632        0.08201781        0.02737525 
        0.02546206        0.07742137        0.13308904        0.13604730        0.08177552        0.02730605 
        0.02536166        0.07708955        0.13246968        0.13545614        0.08149508        0.02722394 
        0.02524789        0.07671836        0.13178891        0.13480502        0.08117750        0.02712920 
        0.02512094        0.07630870        0.13104805        0.13409430        0.08082309        0.02702209 
        0.02498093        0.07586104        0.13024786        0.13332510        0.08043247        0.02690281 
        0.02482814        0.07537594        0.12938979        0.13249868        0.08000603        0.02677122 
        0.02466285        0.07485443        0.12847501        0.13161623        0.07954481        0.02662793 
        0.02448538        0.07429704        0.12750462        0.13067925        0.07904926        0.02647288 
        0.02429554        0.07370454        0.12648052        0.12968892        0.07852033        0.02630663 
        0.02409391        0.07307774        0.12540409        0.12864709        0.07795876        0.02612910 
        0.02388069        0.07241771        0.12427682        0.12755489        0.07736531        0.02594073 
        0.02365629        0.07172546        0.12310016        0.12641397        0.07674104        0.02574189 
        0.02342109        0.07100177        0.12187564        0.12522596        0.07608667        0.02553259 
        0.02317508        0.07024759        0.12060571        0.12399274        0.07540330        0.02531350 
        0.02291904        0.06946436        0.11929142        0.12271565        0.07469180        0.02508464 
        0.02265295        0.06865278        0.11793473        0.12139696        0.07395312        0.02484642 
        0.02237751        0.06781432        0.11653766        0.12003765        0.07318833        0.02459918 
        0.02209266        0.06694973        0.11510211        0.11864024        0.07239854        0.02434340 
        0.02179928        0.06606063        0.11362979        0.11720639        0.07158500        0.02407931 
        0.02149749        0.06514794        0.11212248        0.11573789        0.07074842        0.02380718 
        0.02118789        0.06421295        0.11058229        0.11423653        0.06989029        0.02352758 
        0.02087058        0.06325695        0.10901159        0.11270463        0.06901139        0.02324069 
        0.02054632        0.06228116        0.10741165        0.11114365        0.06811303        0.02294695 
        0.02021521        0.06128663        0.10578507        0.10955572        0.06719619        0.02264678 
        0.01987804        0.06027514        0.10413340        0.10794279        0.06626248        0.02234058 
        0.01953503        0.05924767        0.10245889        0.10630640        0.06531239        0.02202861 
        0.01918659        0.05820531        0.10076350        0.10464913        0.06434768        0.02171147 
        0.01883318        0.05714971        0.09904894        0.10297239        0.06336910        0.02138932 
        0.01847559        0.05608210        0.09731761        0.10127819        0.06237796        0.02106270 
        0.01811349        0.05500332        0.09557107        0.09956843        0.06137532        0.02073190 
        0.01774819        0.05391529        0.09381166        0.09784514        0.06036246        0.02039737 
        0.01737948        0.05281883        0.09204096        0.09610999        0.05934063        0.02005947 
        0.01700795        0.05171517        0.09026101        0.09436476        0.05831042        0.01971850 
        0.01663427        0.05060589        0.08847356        0.09261143        0.05727369        0.01937509 
        0.01625870        0.04949221        0.08668077        0.09085163        0.05623055        0.01902917 
        0.01588154        0.04837471        0.08488429        0.08908716        0.05518311        0.01868145 
        0.01550345        0.04725546        0.08308560        0.08731973        0.05413195        0.01833233 
        0.01512472        0.04613498        0.08128637        0.08555067        0.05307800        0.01798189 
        0.01474577        0.04501483        0.07948899        0.08378237        0.05202234        0.01763062 
        0.01436675        0.04389551        0.07769454        0.08201551        0.05096608        0.01727891 
        0.01398842        0.04277879        0.07590476        0.08025253        0.04991034        0.01692712 
        0.01361103        0.04166558        0.07412142        0.07849443        0.04885584        0.01657537 
        0.01323478        0.04055667        0.07234561        0.07674250        0.04780334        0.01622412 
        0.01286037        0.03945315        0.07057893        0.07499853        0.04675406        0.01587358 
        0.01248772        0.03835601        0.06882286        0.07326359        0.04570860        0.01552418 
        0.01211731        0.03726622        0.06707865        0.07153895        0.04466796        0.01517609 
        0.01174974        0.03618455        0.06534761        0.06982619        0.04363301        0.01482971 
        0.01138502        0.03511214        0.06363139        0.06812626        0.04260439        0.01448524 
        0.01102333        0.03404933        0.06193042        0.06644052        0.04158318        0.01414301 
        0.01066540        0.03299731        0.06024626        0.06476972        0.04056945        0.01380302 
        0.01031117        0.03195697        0.05858025        0.06311506        0.03956419        0.01346567 
        0.00996098        0.03092867        0.05693299        0.06147775        0.03856808        0.01313122 
        0.00961500        0.02991316        0.05530551        0.05985853        0.03758219        0.01280008 
        0.00927356        0.02891088        0.05369860        0.05825806        0.03660619        0.01247202 
        0.00893682        0.02792281        0.05211329        0.05667737        0.03564134        0.01214758 
        0.00860509        0.02694947        0.05055055        0.05511752        0.03468788        0.01182672 
        0.00827868        0.02599141        0.04901057        0.05357879        0.03374627        0.01150966 
        0.00795719        0.02504864        0.04749453        0.05206186        0.03281713        0.01119670 
        0.00764146        0.02412194        0.04600248        0.05056763        0.03190085        0.01088789 
        0.00733131        0.02321208        0.04453591        0.04909661        0.03099763        0.01058330 
        0.00702682        0.02231866        0.04309452        0.04764909        0.03010806        0.01028322 
        0.00672832        0.02144271        0.04167926        0.04622570        0.02923232        0.00998762 
        0.00643569        0.02058399        0.04029000        0.04482681        0.02837065        0.00969666 
        0.00614950        0.01974329        0.03892732        0.04345268        0.02752376        0.00941055 
        0.00586915        0.01892018        0.03759164        0.04210380        0.02669144        0.00912920 
        0.00559518        0.01811537        0.03628308        0.04078028        0.02587384        0.00885278 
        0.00532767        0.01732910        0.03500205        0.03948259        0.02507129        0.00858119 
        0.00506648        0.01656121        0.03374872        0.03821072        0.02428430        0.00831477 
        0.00481172        0.01581180        0.03252298        0.03696513        0.02351260        0.00805351 
        0.00456339        0.01508099        0.03132516        0.03574559        0.02275628        0.00779727 
        0.00432159        0.01436883        0.03015500        0.03455192        0.02201578        0.00754635 
        0.00408629        0.01367515        0.02901235        0.03338489        0.02129072        0.00730050 
        0.00385739        0.01300031        0.02789804        0.03224367        0.02058122        0.00705990 
        0.00363503        0.01234388        0.02681118        0.03112882        0.01988745        0.00682445 
        0.00341913        0.01170608        0.02575192        0.03004023        0.01920950        0.00659430 
        0.00320983        0.01108676        0.02472001        0.02897757        0.01854712        0.00636940 
        0.00300665        0.01048556        0.02371538        0.02794090        0.01790029        0.00614962 
        0.00280994        0.00990266        0.02273804        0.02692983        0.01726905        0.00593512 
        0.00261948        0.00933763        0.02178723        0.02594429        0.01665333        0.00572574 
        0.00243546        0.00879061        0.02086312        0.02498394        0.01605281        0.00552151 
        0.00225756        0.00826126        0.01996541        0.02404892        0.01546746        0.00532240 
        0.00208572        0.00774923        0.01909372        0.02313876        0.01489732        0.00512835 
        0.00191997        0.00725430        0.01824737        0.02225289        0.01434228        0.00493944 
        0.00176005        0.00677639        0.01742673        0.02139142        0.01380172        0.00475529 
        0.00160611        0.00631514        0.01663068        0.02055401        0.01327610        0.00457622 
        0.00145786        0.00587037        0.01585943        0.01974025        0.01276481        0.00440194 
        0.00131518        0.00544155        0.01511234        0.01894957        0.01226780        0.00423251 
        0.00117823        0.00502867        0.01438892        0.01818207        0.01178473        0.00406772 
        0.00104666        0.00463140        0.01368898        0.01743683        0.01131570        0.00390771 
        0.00092047        0.00424927        0.01301181        0.01671389        0.01086020        0.00375223 
        0.00079951        0.00388193        0.01235706        0.01601273        0.01041812        0.00360140 
        0.00068375        0.00352952        0.01172459        0.01533288        0.00998911        0.00345489 
        0.00057293        0.00319117        0.01111341        0.01467407        0.00957310        0.00331274 
        0.00046691        0.00286660        0.01052338        0.01403582        0.00916982        0.00317498 
        0.00036587        0.00255585        0.00995398        0.01341778        0.00877899        0.00304142 
        0.00026943        0.00225830        0.00940466        0.01281929        0.00840041        0.00291197 
        0.00017749        0.00197354        0.00887510        0.01224005        0.00803375        0.00278664 
        0.00008987        0.00170130        0.00836468        0.01167995        0.00767890        0.00266519 
        0.00000664        0.00144139        0.00787286        0.01113799        0.00733551        0.00254776 
       -0.00007257        0.00119331        0.00739944        0.01061422        0.00700319        0.00243391 
       -0.00014756        0.00095677        0.00694364        0.01010787        0.00668180        0.00232391 
       -0.00021872        0.00073135        0.00650519        0.00961864        0.00637111        0.00221753 
       -0.00028612        0.00051674        0.00608353        0.00914611        0.00607082        0.00211468 
       -0.00034977        0.00031269        0.00567822        0.00868991        0.00578073        0.00201523 
       -0.00041001        0.00011870        0.00528866        0.00824964        0.00550050        0.00191917 
       -0.00046670       -0.00006527        0.00491464        0.00782472        0.00523004        0.00182647 
       -0.00052010       -0.00023989        0.00455546        0.00741486        0.00496882        0.00173682 
       -0.00057042       -0.00040549        0.00421059        0.00701952        0.00471684        0.00165044 
       -0.00061758       -0.00056198        0.00388002        0.00663830        0.00447358        0.00156698 
       -0.00066182       -0.00071009        0.00356306        0.00627092        0.00423908        0.00148646 
       -0.00070314       -0.00084983        0.00325920        0.00591695        0.00401302        0.00140891 
       -0.00074175       -0.00098179        0.00296800        0.00557595        0.00379510        0.00133407 
       -0.00077766       -0.00110604        0.00268914        0.00524752        0.00358506        0.00126195 
       -0.00081114       -0.00122301        0.00242227        0.00493142        0.00338276        0.00119243 
       -0.00084215       -0.00133292        0.00216678        0.00462705        0.00318785        0.00112546 
       -0.00087089       -0.00143611        0.00192252        0.00433420        0.00300023        0.00106096 
       -0.00089734       -0.00153269        0.00168899        0.00405246        0.00281954        0.00099883 
       -0.00092170       -0.00162309        0.00146586        0.00378153        0.00264569        0.00093900 
       -0.00094403       -0.00170764        0.00125264        0.00352097        0.00247850        0.00088154 
       -0.00096437       -0.00178635        0.00104906        0.00327066        0.00231755        0.00082608 
       -0.00098293       -0.00185969        0.00085478        0.00302991        0.00216289        0.00077291 
       -0.00099972       -0.00192779        0.00066935        0.00279871        0.00201406        0.00072166 
       -0.00101483       -0.00199087        0.00049274        0.00257654        0.00187106        0.00067239 
       -0.00102831       -0.00204921        0.00032422        0.00236326        0.00173368        0.00062507 
       -0.00104027       -0.00210294        0.00016376        0.00215845        0.00160165        0.00057960 
       -0.00105073       -0.00215235        0.00001098        0.00196201        0.00147490        0.00053591 
       -0.00105994       -0.00219770       -0.00013447        0.00177345        0.00135319        0.00049394 
       -0.00106783       -0.00223909       -0.00027284        0.00159250        0.00123627        0.00045359 
       -0.00107442       -0.00227673       -0.00040437        0.00141904        0.00112411        0.00041492 
       -0.00107992       -0.00231081       -0.00052930        0.00125271        0.00101642        0.00037776 
       -0.00108427       -0.00234148       -0.00064805        0.00109324        0.00091320        0.00034215 
       -0.00108765       -0.00236905       -0.00076073        0.00094049        0.00081415        0.00030795 
       -0.00108994       -0.00239347       -0.00086772        0.00079411        0.00071922        0.00027514 
       -0.00109135       -0.00241497       -0.00096904        0.00065389        0.00062814        0.00024371 
       -0.00109188       -0.00243381       -0.00106516        0.00051957        0.00054079        0.00021349 
       -0.00109164       -0.00245009       -0.00115605        0.00039120        0.00045723        0.00018463 
       -0.00109062       -0.00246385       -0.00124210        0.00026821        0.00037727        0.00015695 
       -0.00108894       -0.00247538       -0.00132340        0.00015059        0.00030050        0.00013039 
       -0.00108649       -0.00248465       -0.00140022        0.00003816        0.00022720        0.00010504 
       -0.00108346       -0.00249192       -0.00147285       -0.00006941        0.00015691        0.00008067 
       -0.00107985       -0.00249724       -0.00154132       -0.00017214        0.00008969        0.00005739 
       -0.00107571       -0.00250071       -0.00160576       -0.00027031        0.00002539        0.00003511 
       -0.00107099       -0.00250243       -0.00166653       -0.00036401       -0.00003597        0.00001384 
       -0.00106587       -0.00250263       -0.00172374       -0.00045359       -0.00009482       -0.00000656 
       -0.00106028       -0.00250119       -0.00177734       -0.00053903       -0.00015095       -0.00002605 
       -0.00105437       -0.00249849       -0.00182778       -0.00062054       -0.00020456       -0.00004464 
       -0.00104800       -0.00249439       -0.00187495       -0.00069815       -0.00025575       -0.00006243 
       -0.00104129       -0.00248897       -0.00191910       -0.00077218       -0.00030465       -0.00007947 
       -0.00103428       -0.00248245       -0.00196052       -0.00084262       -0.00035125       -0.00009563 
       -0.00102701       -0.00247480       -0.00199903       -0.00090977       -0.00039569       -0.00011112 
       -0.00101950       -0.00246622       -0.00203494       -0.00097367       -0.00043810       -0.00012586 
       -0.00101170       -0.00245662       -0.00206837       -0.00103448       -0.00047848       -0.00013990 
       -0.00100368       -0.00244614       -0.00209931       -0.00109215       -0.00051696       -0.00015333 
       -0.00099550       -0.00243486       -0.00212798       -0.00114702       -0.00055353       -0.00016613 
       -0.00098710       -0.00242275       -0.00215444       -0.00119914       -0.00058834       -0.00017824 
       -0.00097862       -0.00241002       -0.00217878       -0.00124854       -0.00062145       -0.00018981 
       -0.00096993       -0.00239665       -0.00220122       -0.00129534       -0.00065295       -0.00020082 
       -0.00096113       -0.00238262       -0.00222167       -0.00133965       -0.00068282       -0.00021129 
       -0.00095226       -0.00236807       -0.00224032       -0.00138164       -0.00071121       -0.00022124 
       -0.00094327       -0.00235300       -0.00225714       -0.00142135       -0.00073808       -0.00023065 
       -0.00093425       -0.00233756       -0.00227246       -0.00145880       -0.00076352       -0.00023958 
       -0.00092510       -0.00232156       -0.00228605       -0.00149415       -0.00078765       -0.00024808 
       -0.00091598       -0.00230527       -0.00229817       -0.00152750       -0.00081043       -0.00025608 
       -0.00090675       -0.00228857       -0.00230886       -0.00155883       -0.00083201       -0.00026371 
       -0.00089747       -0.00227153       -0.00231817       -0.00158840       -0.00085235       -0.00027085 
       -0.00088827       -0.00225433       -0.00232615       -0.00161605       -0.00087153       -0.00027763 
       -0.00087900       -0.00223676       -0.00233287       -0.00164203       -0.00088960       -0.00028403 
       -0.00086969       -0.00221896       -0.00233839       -0.00166629       -0.00090659       -0.00029004 
       -0.00086047       -0.00220105       -0.00234279       -0.00168893       -0.00092256       -0.00029571 
       -0.00085121       -0.00218289       -0.00234611       -0.00171007       -0.00093754       -0.00030106 
       -0.00084199       -0.00216460       -0.00234832       -0.00172970       -0.00095153       -0.00030604 
       -0.00083279       -0.00214621       -0.00234967       -0.00174791       -0.00096459       -0.00031070 
       -0.00082363       -0.00212764       -0.00235000       -0.00176471       -0.00097682       -0.00031510 
       -0.00081452       -0.00210901       -0.00234947       -0.00178025       -0.00098817       -0.00031918 
       -0.00080541       -0.00209031       -0.00234805       -0.00179452       -0.00099872       -0.00032299 
       -0.00079639       -0.00207154       -0.00234579       -0.00180756       -0.00100847       -0.00032651 
       -0.00078738       -0.00205275       -0.00234281       -0.00181940       -0.00101747       -0.00032980 
       -0.00077848       -0.00203393       -0.00233906       -0.00183018       -0.00102574       -0.00033281 
       -0.00076958       -0.00201507       -0.00233462       -0.00183981       -0.00103330       -0.00033558 
       -0.00076077       -0.00199617       -0.00232954       -0.00184845       -0.00104024       -0.00033816 
       -0.00075199       -0.00197728       -0.00232381       -0.00185606       -0.00104649       -0.00034047 
       -0.00074329       -0.00195844       -0.00231741       -0.00186277       -0.00105214       -0.00034260 
       -0.00073469       -0.00193965       -0.00231054       -0.00186849       -0.00105720       -0.00034450 
       -0.00072614       -0.00192089       -0.00230303       -0.00187340       -0.00106169       -0.00034622 
       -0.00071767       -0.00190214       -0.00229505       -0.00187737       -0.00106556       -0.00034773 
       -0.00070924       -0.00188347       -0.00228657       -0.00188058       -0.00106899       -0.00034909 
       -0.00070093       -0.00186487       -0.00227761       -0.00188302       -0.00107189       -0.00035024 
       -0.00069267       -0.00184632       -0.00226821       -0.00188471       -0.00107431       -0.00035124 
       -0.00068453       -0.00182789       -0.00225840       -0.00188566       -0.00107620       -0.00035205 
       -0.00067641       -0.00180950       -0.00224818       -0.00188591       -0.00107772       -0.00035275 
       -0.00066838       -0.00179117       -0.00223762       -0.00188551       -0.00107878       -0.00035327 
       -0.00066047       -0.00177300       -0.00222664       -0.00188451       -0.00107941       -0.00035367 
       -0.00065258       -0.00175485       -0.00221536       -0.00188286       -0.00107965       -0.00035390 
       -0.00064480       -0.00173683       -0.00220373       -0.00188066       -0.00107953       -0.00035404 
       -0.00063711       -0.00171892       -0.00219181       -0.00187789       -0.00107901       -0.00035402 
       -0.00062950       -0.00170114       -0.00217960       -0.00187454       -0.00107814       -0.00035388 
       -0.00062195       -0.00168343       -0.00216712       -0.00187070       -0.00107694       -0.00035363 
       -0.00061449       -0.00166583       -0.00215441       -0.00186638       -0.00107542       -0.00035327 
       -0.00060712       -0.00164837       -0.00214140       -0.00186158       -0.00107364       -0.00035283 
       -0.00059982       -0.00163100       -0.00212822       -0.00185631       -0.00107148       -0.00035224 
       -0.00059260       -0.00161378       -0.00211482       -0.00185065       -0.00106910       -0.00035157 
       -0.00058546       -0.00159667       -0.00210120       -0.00184456       -0.00106641       -0.00035081 
       -0.00057838       -0.00157966       -0.00208738       -0.00183805       -0.00106348       -0.00034996 
       -0.00057139       -0.00156278       -0.00207341       -0.00183120       -0.00106028       -0.00034901 
       -0.00056447       -0.00154603       -0.00205927       -0.00182395       -0.00105687       -0.00034800 
       -0.00055765       -0.00152941       -0.00204500       -0.00181639       -0.00105320       -0.00034690 
       -0.00055090       -0.00151291       -0.00203056       -0.00180852       -0.00104934       -0.00034572 
       -0.00054422       -0.00149655       -0.00201600       -0.00180028       -0.00104523       -0.00034446 
       -0.00053763       -0.00148032       -0.00200132       -0.00179178       -0.00104097       -0.00034316 
       -0.00053108       -0.00146422       -0.00198656       -0.00178298       -0.00103651       -0.00034177 
       -0.00052463       -0.00144823       -0.00197165       -0.00177393       -0.00103186       -0.00034032 
       -0.00051826       -0.00143240       -0.00195667       -0.00176461       -0.00102701       -0.00033880 
       -0.00051194       -0.00141667       -0.00194161       -0.00175507       -0.00102205       -0.00033724 
       -0.00050571       -0.00140108       -0.00192646       -0.00174530       -0.00101691       -0.00033562 
       -0.00049954       -0.00138560       -0.00191122       -0.00173527       -0.00101160       -0.00033395 
       -0.00049344       -0.00137027       -0.00189595       -0.00172506       -0.00100617       -0.00033223 
       -0.00048740       -0.00135508       -0.00188064       -0.00171464       -0.00100059       -0.00033046 
       -0.00048146       -0.00134001       -0.00186525       -0.00170405       -0.00099492       -0.00032865 
       -0.00047558       -0.00132508       -0.00184982       -0.00169328       -0.00098909       -0.00032679 
       -0.00046975       -0.00131027       -0.00183439       -0.00168234       -0.00098317       -0.00032490 
       -0.00046398       -0.00129558       -0.00181892       -0.00167126       -0.00097714       -0.00032296 
       -0.00045830       -0.00128104       -0.00180341       -0.00166003       -0.00097099       -0.00032098 
       -0.00045268       -0.00126662       -0.00178789       -0.00164865       -0.00096473       -0.00031898 
       -0.00044711       -0.00125232       -0.00177236       -0.00163716       -0.00095842       -0.00031695 
       -0.00044162       -0.00123816       -0.00175684       -0.00162553       -0.00095203       -0.00031489 
       -0.00043619       -0.00122411       -0.00174127       -0.00161380       -0.00094553       -0.00031279 
       -0.00043082       -0.00121019       -0.00172575       -0.00160197       -0.00093894       -0.00031065 
       -0.00042551       -0.00119640       -0.00171022       -0.00159005       -0.00093232       -0.00030851 
       -0.00042026       -0.00118276       -0.00169472       -0.00157800       -0.00092562       -0.00030634 
       -0.00041508       -0.00116921       -0.00167922       -0.00156592       -0.00091885       -0.00030414 
       -0.00040995       -0.00115581       -0.00166375       -0.00155377       -0.00091206       -0.00030194 
       -0.00040488       -0.00114253       -0.00164831       -0.00154150       -0.00090517       -0.00029971 
       -0.00039987       -0.00112935       -0.00163287       -0.00152921       -0.00089826       -0.00029746 
       -0.00039491       -0.00111631       -0.00161748       -0.00151684       -0.00089129       -0.00029518 
       -0.00039001       -0.00110338       -0.00160213       -0.00150443       -0.00088429       -0.00029292 
       -0.00038518       -0.00109060       -0.00158684       -0.00149200       -0.00087725       -0.00029061 
       -0.00038040       -0.00107792       -0.00157158       -0.00147949       -0.00087019       -0.00028831 
       -0.00037567       -0.00106536       -0.00155635       -0.00146698       -0.00086309       -0.00028599 
       -0.00037099       -0.00105292       -0.00154119       -0.00145441       -0.00085595       -0.00028366 
       -0.00036637       -0.00104061       -0.00152605       -0.00144187       -0.00084882       -0.00028133 
       -0.00036180       -0.00102841       -0.00151101       -0.00142927       -0.00084166       -0.00027899 
       -0.00035728       -0.00101632       -0.00149599       -0.00141667       -0.00083446       -0.00027664 
       -0.00035281       -0.00100434       -0.00148104       -0.00140407       -0.00082726       -0.00027428 
       -0.00034840       -0.00099250       -0.00146617       -0.00139145       -0.00082006       -0.00027192 
       -0.00034404       -0.00098077       -0.00145135       -0.00137884       -0.00081285       -0.00026955 
       -0.00033973       -0.00096915       -0.00143659       -0.00136623       -0.00080563       -0.00026719 
       -0.00033547       -0.00095764       -0.00142190       -0.00135363       -0.00079841       -0.00026482 
       -0.00033124       -0.00094623       -0.00140730       -0.00134104       -0.00079118       -0.00026245 
       -0.00032708       -0.00093495       -0.00139276       -0.00132847       -0.00078396       -0.00026008 
       -0.00032298       -0.00092380       -0.00137831       -0.00131592       -0.00077675       -0.00025772 
       -0.00031890       -0.00091274       -0.00136392       -0.00130339       -0.00076954       -0.00025535 
       -0.00031487       -0.00090178       -0.00134961       -0.00129088       -0.00076232       -0.00025297 
       -0.00031090       -0.00089094       -0.00133539       -0.00127842       -0.00075514       -0.00025061 
       -0.00030697       -0.00088021       -0.00132125       -0.00126598       -0.00074796       -0.00024825 
       -0.00030308       -0.00086958       -0.00130717       -0.00125358       -0.00074079       -0.00024589 
       -0.00029924       -0.00085906       -0.00129320       -0.00124120       -0.00073364       -0.00024353 
       -0.00029545       -0.00084867       -0.00127932       -0.00122887       -0.00072650       -0.00024119 
       -0.00029169       -0.00083835       -0.00126551       -0.00121658       -0.00071939       -0.00023885 
       -0.00028798       -0.00082816       -0.00125178       -0.00120434       -0.00071230       -0.00023651 
       -0.00028431       -0.00081806       -0.00123816       -0.00119215       -0.00070524       -0.00023419 
       -0.00028070       -0.00080807       -0.00122462       -0.00118001       -0.00069820       -0.00023187 
       -0.00027711       -0.00079818       -0.00121117       -0.00116790       -0.00069117       -0.00022955 
       -0.00027357       -0.00078839       -0.00119782       -0.00115586       -0.00068416       -0.00022724 
       -0.00027007       -0.00077871       -0.00118456       -0.00114388       -0.00067722       -0.00022495 
       -0.00026661       -0.00076912       -0.00117139       -0.00113195       -0.00067027       -0.00022266 
       -0.00026319       -0.00075964       -0.00115832       -0.00112007       -0.00066336       -0.00022038 
       -0.00025981       -0.00075025       -0.00114534       -0.00110827       -0.00065650       -0.00021812 
       -0.00025647       -0.00074096       -0.00113246       -0.00109652       -0.00064965       -0.00021585 
       -0.00025317       -0.00073178       -0.00111966       -0.00108483       -0.00064284       -0.00021361 
       -0.00024991       -0.00072269       -0.00110697       -0.00107321       -0.00063607       -0.00021137 
       -0.00024668       -0.00071368       -0.00109438       -0.00106166       -0.00062933       -0.00020914 
       -0.00024349       -0.00070477       -0.00108189       -0.00105018       -0.00062262       -0.00020693 
       -0.00024033       -0.00069596       -0.00106949       -0.00103876       -0.00061597       -0.00020473 
       -0.00023723       -0.00068725       -0.00105718       -0.00102741       -0.00060933       -0.00020254 
       -0.00023415       -0.00067863       -0.00104499       -0.00101614       -0.00060275       -0.00020036 
       -0.00023111       -0.00067011       -0.00103288       -0.00100494       -0.00059619       -0.00019820 
       -0.00022810       -0.00066166       -0.00102087       -0.00099381       -0.00058969       -0.00019604 
       -0.00022514       -0.00065333       -0.00100898       -0.00098276       -0.00058321       -0.00019390 
       -0.00022220       -0.00064507       -0.00099718       -0.00097178       -0.00057680       -0.00019178 
       -0.00021931       -0.00063691       -0.00098548       -0.00096088       -0.00057041       -0.00018967 
       -0.00021644       -0.00062883       -0.00097387       -0.00095005       -0.00056406       -0.00018757 
       -0.00021361       -0.00062084       -0.00096237       -0.00093932       -0.00055777       -0.00018549 
       -0.00021081       -0.00061294       -0.00095098       -0.00092864       -0.00055151       -0.00018341 
       -0.00020804       -0.00060512       -0.00093966       -0.00091805       -0.00054530       -0.00018136 
       -0.00020531       -0.00059740       -0.00092847       -0.00090754       -0.00053913       -0.00017932 
       -0.00020262       -0.00058976       -0.00091736       -0.00089712       -0.00053301       -0.00017729 
       -0.00019994       -0.00058219       -0.00090636       -0.00088676       -0.00052693       -0.00017528 
       -0.00019731       -0.00057472       -0.00089546       -0.00087649       -0.00052090       -0.00017328 
       -0.00019470       -0.00056733       -0.00088467       -0.00086631       -0.00051491       -0.00017130 
       -0.00019213       -0.00056002       -0.00087396       -0.00085621       -0.00050898       -0.00016933 
       -0.00018959       -0.00055280       -0.00086336       -0.00084618       -0.00050308       -0.00016737 
       -0.00018707       -0.00054565       -0.00085285       -0.00083624       -0.00049724       -0.00016544 
       -0.00018459       -0.00053859       -0.00084245       -0.00082638       -0.00049144       -0.00016352 
       -0.00018214       -0.00053161       -0.00083214       -0.00081661       -0.00048569       -0.00016161 
       -0.00017972       -0.00052470       -0.00082194       -0.00080691       -0.00047998       -0.00015972 
       -0.00017732       -0.00051787       -0.00081183       -0.00079731       -0.00047432       -0.00015784 
       -0.00017496       -0.00051113       -0.00080182       -0.00078778       -0.00046871       -0.00015598 
       -0.00017262       -0.00050445       -0.00079191       -0.00077834       -0.00046315       -0.00015414 
       -0.00017031       -0.00049786       -0.00078210       -0.00076898       -0.00045763       -0.00015231 
       -0.00016803       -0.00049134       -0.00077238       -0.00075970       -0.00045216       -0.00015049 
       -0.00016578       -0.00048489       -0.00076275       -0.00075052       -0.00044675       -0.00014870 
       -0.00016355       -0.00047852       -0.00075323       -0.00074141       -0.00044137       -0.00014692 
       -0.00016136       -0.00047222       -0.00074379       -0.00073238       -0.00043605       -0.00014515 
       -0.00015919       -0.00046600       -0.00073446       -0.00072344       -0.00043077       -0.00014340 
       -0.00015704       -0.00045985       -0.00072522       -0.00071458       -0.00042554       -0.00014167 
       -0.00015492       -0.00045377       -0.00071608       -0.00070581       -0.00042036       -0.00013994 
       -0.00015283       -0.00044776       -0.00070702       -0.00069712       -0.00041523       -0.00013824 
       -0.00015077       -0.00044182       -0.00069807       -0.00068851       -0.00041015       -0.00013655 
       -0.00014873       -0.00043596       -0.00068921       -0.00067999       -0.00040511       -0.00013488 
       -0.00014671       -0.00043016       -0.00068044       -0.00067154       -0.00040011       -0.00013322 
       -0.00014472       -0.00042442       -0.00067176       -0.00066318       -0.00039518       -0.00013159 
       -0.00014275       -0.00041876       -0.00066317       -0.00065490       -0.00039028       -0.00012996 
       -0.00014081       -0.00041317       -0.00065468       -0.00064671       -0.00038544       -0.00012835 
       -0.00013889       -0.00040764       -0.00064627       -0.00063859       -0.00038063       -0.00012676 
       -0.00013700       -0.00040217       -0.00063796       -0.00063056       -0.00037588       -0.00012518 
       -0.00013513       -0.00039677       -0.00062973       -0.00062260       -0.00037117       -0.00012361 
       -0.00013328       -0.00039144       -0.00062159       -0.00061473       -0.00036652       -0.00012207 
       -0.00013146       -0.00038617       -0.00061354       -0.00060694       -0.00036191       -0.00012054 
       -0.00012966       -0.00038097       -0.00060558       -0.00059923       -0.00035735       -0.00011902 
       -0.00012788       -0.00037583       -0.00059771       -0.00059160       -0.00035282       -0.00011752 
       -0.00012612       -0.00037074       -0.00058992       -0.00058405       -0.00034835       -0.00011603 
       -0.00012439       -0.00036572       -0.00058222       -0.00057658       -0.00034393       -0.00011456 
       -0.00012267       -0.00036077       -0.00057461       -0.00056918       -0.00033954       -0.00011311 
       -0.00012098       -0.00035587       -0.00056708       -0.00056186       -0.00033521       -0.00011167 
       -0.00011931       -0.00035103       -0.00055963       -0.00055462       -0.00033092       -0.00011024 
       -0.00011767       -0.00034625       -0.00055227       -0.00054746       -0.00032667       -0.00010883 
       -0.00011604       -0.00034153       -0.00054499       -0.00054038       -0.00032247       -0.00010743 
       -0.00011443       -0.00033687       -0.00053780       -0.00053337       -0.00031831       -0.00010605 
       -0.00011285       -0.00033227       -0.00053068       -0.00052644       -0.00031420       -0.00010469 
       -0.00011128       -0.00032772       -0.00052365       -0.00051958       -0.00031014       -0.00010333 
       -0.00010974       -0.00032323       -0.00051670       -0.00051280       -0.00030611       -0.00010200 
       -0.00010821       -0.00031879       -0.00050982       -0.00050609       -0.00030213       -0.00010067 
       -0.00010670       -0.00031441       -0.00050303       -0.00049946       -0.00029820       -0.00009936 
       -0.00010521       -0.00031008       -0.00049631       -0.00049290       -0.00029430       -0.00009807 
       -0.00010375       -0.00030581       -0.00048967       -0.00048642       -0.00029046       -0.00009679 
       -0.00010230       -0.00030159       -0.00048312       -0.00048000       -0.00028665       -0.00009552 
       -0.00010087       -0.00029743       -0.00047664       -0.00047366       -0.00028288       -0.00009427 
       -0.00009945       -0.00029331       -0.00047023       -0.00046739       -0.00027916       -0.00009303 
       -0.00009806       -0.00028925       -0.00046390       -0.00046119       -0.00027548       -0.00009181 
       -0.00009668       -0.00028524       -0.00045764       -0.00045507       -0.00027184       -0.00009060 
       -0.00009533       -0.00028128       -0.00045146       -0.00044901       -0.00026824       -0.00008940 
       -0.00009399       -0.00027737       -0.00044535       -0.00044302       -0.00026468       -0.00008822 
       -0.00009266       -0.00027351       -0.00043932       -0.00043710       -0.00026116       -0.00008704 
       -0.00009136       -0.00026970       -0.00043335       -0.00043125       -0.00025768       -0.00008589 
       -0.00009007       -0.00026594       -0.00042746       -0.00042546       -0.00025424       -0.00008474 
       -0.00008880       -0.00026222       -0.00042164       -0.00041975       -0.00025085       -0.00008362 
       -0.00008754       -0.00025856       -0.00041589       -0.00041410       -0.00024749       -0.00008250 
       -0.00008630       -0.00025493       -0.00041021       -0.00040852       -0.00024417       -0.00008139 
       -0.00008508       -0.00025136       -0.00040460       -0.00040300       -0.00024089       -0.00008030 
       -0.00008387       -0.00024784       -0.00039906       -0.00039755       -0.00023764       -0.00007922 
       -0.00008268       -0.00024435       -0.00039358       -0.00039216       -0.00023444       -0.00007816 
       -0.00008151       -0.00024092       -0.00038817       -0.00038684       -0.00023127       -0.00007710 
       -0.00008035       -0.00023752       -0.00038283       -0.00038158       -0.00022815       -0.00007606 
       -0.00007920       -0.00023417       -0.00037755       -0.00037638       -0.00022505       -0.00007503 
       -0.00007807       -0.00023087       -0.00037234       -0.00037125       -0.00022200       -0.00007401 
       -0.00007696       -0.00022761       -0.00036719       -0.00036618       -0.00021898       -0.00007301 
       -0.00007586       -0.00022439       -0.00036211       -0.00036117       -0.00021599       -0.00007202 
       -0.00007478       -0.00022121       -0.00035709       -0.00035622       -0.00021304       -0.00007103 
       -0.00007371       -0.00021807       -0.00035214       -0.00035133       -0.00021014       -0.00007007 
       -0.00007265       -0.00021498       -0.00034724       -0.00034650       -0.00020726       -0.00006911 
       -0.00007161       -0.00021192       -0.00034241       -0.00034173       -0.00020442       -0.00006816 
       -0.00007058       -0.00020891       -0.00033764       -0.00033702       -0.00020161       -0.00006723 
       -0.00006957       -0.00020593       -0.00033292       -0.00033236       -0.00019884       -0.00006630 
       -0.00006857       -0.00020300       -0.00032827       -0.00032777       -0.00019610       -0.00006539 
       -0.00006758       -0.00020010       -0.00032368       -0.00032322       -0.00019339       -0.00006449 
       -0.00006661       -0.00019724       -0.00031914       -0.00031874       -0.00019072       -0.00006360 
       -0.00006565       -0.00019442       -0.00031467       -0.00031431       -0.00018808       -0.00006272 
       -0.00006470       -0.00019164       -0.00031024       -0.00030994       -0.00018548       -0.00006185 
       -0.00006376       -0.00018889       -0.00030588       -0.00030563       -0.00018290       -0.00006100 
