        0.00000000        0.00000000        0.00000000        0.00000000        0.00000000        0.00000000 
        0.00000000        0.00000000        0.00000000        0.00000000        0.00000000        0.00000000 
        0.00000000        0.00000000        0.00000000        0.00000000        0.00000000        0.00000000 
        0.00000000        0.00000000        0.00000000        0.00000000        0.00000000        0.00000000 
        0.00000000        0.00000000        0.00000000        0.00000000        0.00000000        0.00000000 
        0.00000000        0.00000000        0.00000000        0.00000000        0.00000000        0.00000000 
        0.00000000        0.00000000        0.00000000        0.00000000        0.00000000        0.00000000 
        0.00000000        0.00000000        0.00000000        0.00000000        0.00000000        0.00000000 
        0.00000000        0.00000000        0.00000000        0.00000000        0.00000000        0.00000000 
        0.00000000        0.00000000        0.00000000        0.00000000        0.00000000        0.00000000 
        0.00000000        0.00000000        0.00000000        0.00000000        0.00000000        0.00000000 
        0.00000000        0.00000000        0.00000000        0.00000000        0.00000000        0.00000000 
        0.00000000        0.00000000        0.00000000        0.00000000        0.00000000        0.00000000 
        0.00000000        0.00000000        0.00000000        0.00000000        0.00000000        0.00000000 
        0.00000000        0.00000000        0.00000000        0.00000000        0.00000000        0.00000000 
        0.00000000        0.00000000        0.00000000        0.00000000        0.00000000        0.00000000 
        0.00000000        0.00000000        0.00000000        0.00000000        0.00000000        0.00000000 
        0.00000000        0.00000000        0.00000000        0.00000000        0.00000000        0.00000000 
        0.00000000        0.00000000        0.00000000        0.00000000        0.00000000        0.00000000 
        0.00000000        0.00000000        0.00000000        0.00000000        0.00000000        0.00000000 
        0.00000000        0.00000000        0.00000000        0.00000000        0.00000000        0.00000000 
        0.00000000        0.00000000        0.00000000        0.00000000        0.00000000        0.00000000 
        0.00000000        0.00000000        0.00000000        0.00000000        0.00000000        0.00000000 
        0.00000000        0.00000000        0.00000000        0.00000000        0.00000000        0.00000000 
        0.00000000        0.00000000        0.00000000        0.00000000        0.00000000        0.00000000 
        0.00000000        0.00000000        0.00000000        0.00000000        0.00000000        0.00000000 
        0.00000000        0.00000000        0.00000000        0.00000000        0.00000000        0.00000000 
        0.00000000        0.00000000        0.00000000        0.00000000        0.00000000        0.00000000 
        0.00000000        0.00000000        0.00000000        0.00000000        0.00000000        0.00000000 
        0.00000000        0.00000000        0.00000000        0.00000000        0.00000000        0.00000000 
        0.00000000        0.00000000        0.00000000        0.00000000        0.00000000        0.00000000 
        0.00000000        0.00000000        0.00000000        0.00000000        0.00000000        0.00000000 
        0.00000000        0.00000000        0.00000000        0.00000000        0.00000000        0.00000000 
        0.00000000        0.00000000        0.00000000        0.00000000        0.00000000        0.00000000 
        0.00000000        0.00000000        0.00000000        0.00000000        0.00000000        0.00000000 
        0.00000000        0.00000000        0.00000000        0.00000000        0.00000000        0.00000000 
        0.00000000        0.00000000        0.00000000        0.00000000        0.00000000        0.00000000 
        0.00000000        0.00000000        0.00000000        0.00000000        0.00000000        0.00000000 
        0.00000000        0.00000000        0.00000000        0.00000000        0.00000000        0.00000000 
        0.00000000        0.00000000        0.00000000        0.00000000        0.00000000        0.00000000 
        0.00000000        0.00000000        0.00000000        0.00000000        0.00000000        0.00000000 
        0.00000000        0.00000000        0.00000000        0.00000000        0.00000000        0.00000000 
        0.00000000        0.00000000        0.00000000        0.00000000        0.00000000        0.00000000 
        0.00000000        0.00000000        0.00000000        0.00000000        0.00000000        0.00000000 
       -0.00000000        0.00000000        0.00000000        0.00000000        0.00000000        0.00000000 
       -0.00000000        0.00000000        0.00000000        0.00000000        0.00000000        0.00000000 
       -0.00000000        0.00000000        0.00000000        0.00000000        0.00000000        0.00000000 
       -0.00000000        0.00000000        0.00000000        0.00000000        0.00000000        0.00000000 
       -0.00000000        0.00000000        0.00000000        0.00000000        0.00000000        0.00000000 
       -0.00000000        0.00000000        0.00000000        0.00000000        0.00000000        0.00000000 
       -0.00000000        0.00000000        0.00000000        0.00000000        0.00000000        0.00000000 
       -0.00000000        0.00000000        0.00000000        0.00000000        0.00000000        0.00000000 
       -0.00000000        0.00000000        0.00000000        0.00000000        0.00000000        0.00000000 
       -0.00000000        0.00000000        0.00000000        0.00000000        0.00000000        0.00000000 
       -0.00000000        0.00000000        0.00000000        0.00000000        0.00000000        0.00000000 
       -0.00000000        0.00000000        0.00000000        0.00000000        0.00000000        0.00000000 
       -0.00000000        0.00000000        0.00000000        0.00000000        0.00000000        0.00000000 
       -0.00000000        0.00000000        0.00000000        0.00000000        0.00000000        0.00000000 
       -0.00000000        0.00000000        0.00000000        0.00000000        0.00000000        0.00000000 
       -0.00000000        0.00000000        0.00000000        0.00000000        0.00000000        0.00000000 
       -0.00000000        0.00000000        0.00000000        0.00000000        0.00000000        0.00000000 
       -0.00000000        0.00000000        0.00000000        0.00000000        0.00000000        0.00000000 
       -0.00000000        0.00000000        0.00000000        0.00000000        0.00000000        0.00000000 
       -0.00000000        0.00000000        0.00000000        0.00000000        0.00000000        0.00000000 
       -0.00000000        0.00000000        0.00000000        0.00000000        0.00000000        0.00000000 
       -0.00000000        0.00000000        0.00000000        0.00000000        0.00000000        0.00000000 
       -0.00000000        0.00000000        0.00000000        0.00000000        0.00000000        0.00000000 
       -0.00000000        0.00000000        0.00000000        0.00000000        0.00000000        0.00000000 
       -0.00000000        0.00000000        0.00000000        0.00000000        0.00000000        0.00000000 
       -0.00000000        0.00000000        0.00000000        0.00000000        0.00000000        0.00000000 
       -0.00000000        0.00000000        0.00000000        0.00000000        0.00000000        0.00000000 
       -0.00000000        0.00000000        0.00000000        0.00000000        0.00000000        0.00000000 
       -0.00000000        0.00000000        0.00000000        0.00000000        0.00000000        0.00000000 
       -0.00000000        0.00000000        0.00000000        0.00000000        0.00000000        0.00000000 
       -0.00000000        0.00000000        0.00000000        0.00000000        0.00000000        0.00000000 
       -0.00000000        0.00000000        0.00000000        0.00000000        0.00000000        0.00000000 
       -0.00000000        0.00000000        0.00000000        0.00000000        0.00000000        0.00000000 
       -0.00000000        0.00000000        0.00000000        0.00000000        0.00000000        0.00000000 
       -0.00000000        0.00000000        0.00000000        0.00000000        0.00000000        0.00000000 
       -0.00000000        0.00000000        0.00000000        0.00000000        0.00000000        0.00000000 
       -0.00000000        0.00000000        0.00000000        0.00000000        0.00000000        0.00000000 
       -0.00000000        0.00000000        0.00000000        0.00000000        0.00000000        0.00000000 
       -0.00000000        0.00000000        0.00000000        0.00000000        0.00000000        0.00000000 
       -0.00000000        0.00000000        0.00000000        0.00000000        0.00000000        0.00000000 
       -0.00000000        0.00000000        0.00000000        0.00000000        0.00000000        0.00000000 
       -0.00000000        0.00000000        0.00000000        0.00000000        0.00000000        0.00000000 
       -0.00000000        0.00000000        0.00000000        0.00000000        0.00000000        0.00000000 
       -0.00000000        0.00000000        0.00000000        0.00000000        0.00000000        0.00000000 
       -0.00000000        0.00000000        0.00000000        0.00000000        0.00000000        0.00000000 
       -0.00000000        0.00000000        0.00000000        0.00000000        0.00000000        0.00000000 
       -0.00000000        0.00000000        0.00000000        0.00000000        0.00000000        0.00000000 
       -0.00000000        0.00000000        0.00000000        0.00000000        0.00000000        0.00000000 
       -0.00000000        0.00000000        0.00000000        0.00000000        0.00000000        0.00000000 
       -0.00000000        0.00000000        0.00000000        0.00000000        0.00000000        0.00000000 
       -0.00000000        0.00000000        0.00000000        0.00000000        0.00000000        0.00000000 
       -0.00000000        0.00000000        0.00000000        0.00000000        0.00000000        0.00000000 
       -0.00000000        0.00000000        0.00000000        0.00000000        0.00000000        0.00000000 
       -0.00000000        0.00000000        0.00000000        0.00000000        0.00000000        0.00000000 
       -0.00000000        0.00000000        0.00000000        0.00000000        0.00000000        0.00000000 
       -0.00000000        0.00000000        0.00000000        0.00000000        0.00000000        0.00000000 
       -0.00000000        0.00000000        0.00000000       -0.00000000       -0.00000000       -0.00000000 
       -0.00000000        0.00000000        0.00000000       -0.00000000       -0.00000000       -0.00000000 
       -0.00000000        0.00000000        0.00000000       -0.00000000       -0.00000000       -0.00000000 
       -0.00000000        0.00000000        0.00000000       -0.00000000       -0.00000000       -0.00000000 
       -0.00000000        0.00000000        0.00000000       -0.00000000       -0.00000000       -0.00000000 
       -0.00000000        0.00000000        0.00000000       -0.00000000       -0.00000000       -0.00000000 
       -0.00000000        0.00000000        0.00000000       -0.00000000       -0.00000000       -0.00000000 
       -0.00000000        0.00000000        0.00000000       -0.00000000       -0.00000000       -0.00000000 
       -0.00000000        0.00000000        0.00000000       -0.00000000       -0.00000000       -0.00000000 
       -0.00000000        0.00000000        0.00000000       -0.00000000       -0.00000000       -0.00000000 
       -0.00000000        0.00000000        0.00000000       -0.00000000       -0.00000000       -0.00000000 
       -0.00000000        0.00000000        0.00000000       -0.00000000       -0.00000000       -0.00000000 
       -0.00000000        0.00000000        0.00000000       -0.00000000       -0.00000000       -0.00000000 
       -0.00000000        0.00000000        0.00000000       -0.00000000       -0.00000000       -0.00000000 
       -0.00000000        0.00000000        0.00000000       -0.00000000       -0.00000000       -0.00000000 
       -0.00000000        0.00000000        0.00000000       -0.00000000       -0.00000000       -0.00000000 
       -0.00000000        0.00000000        0.00000000       -0.00000000       -0.00000000       -0.00000000 
       -0.00000000        0.00000000        0.00000000       -0.00000000       -0.00000000       -0.00000000 
       -0.00000000        0.00000000        0.00000000       -0.00000000       -0.00000000       -0.00000000 
       -0.00000000        0.00000000        0.00000000       -0.00000000       -0.00000000       -0.00000000 
       -0.00000000        0.00000000        0.00000000       -0.00000000       -0.00000000       -0.00000000 
       -0.00000000        0.00000000        0.00000000       -0.00000000       -0.00000000       -0.00000000 
       -0.00000000        0.00000000        0.00000000       -0.00000000       -0.00000000       -0.00000000 
       -0.00000000        0.00000000        0.00000000       -0.00000000       -0.00000000       -0.00000000 
       -0.00000000        0.00000000        0.00000000        0.00000000       -0.00000000       -0.00000000 
       -0.00000000        0.00000000        0.00000000        0.00000000       -0.00000000       -0.00000000 
       -0.00000000        0.00000000        0.00000000        0.00000000       -0.00000000       -0.00000000 
       -0.00000000        0.00000000        0.00000000        0.00000000       -0.00000000       -0.00000000 
       -0.00000000        0.00000000        0.00000000        0.00000000       -0.00000000       -0.00000000 
       -0.00000000        0.00000000        0.00000000        0.00000000       -0.00000000       -0.00000000 
       -0.00000000        0.00000000        0.00000000        0.00000000       -0.00000000       -0.00000000 
       -0.00000000        0.00000000        0.00000000        0.00000000       -0.00000000       -0.00000000 
       -0.00000000        0.00000000        0.00000001        0.00000000       -0.00000000       -0.00000000 
       -0.00000000        0.00000001        0.00000001        0.00000000       -0.00000000       -0.00000000 
       -0.00000000        0.00000001        0.00000001        0.00000000       -0.00000000       -0.00000000 
       -0.00000000        0.00000002        0.00000002        0.00000000       -0.00000000       -0.00000000 
       -0.00000000        0.00000003        0.00000003        0.00000000       -0.00000000       -0.00000000 
       -0.00000000        0.00000004        0.00000005        0.00000000       -0.00000000       -0.00000000 
       -0.00000000        0.00000006        0.00000007        0.00000000       -0.00000000       -0.00000000 
       -0.00000000        0.00000009        0.00000011        0.00000001       -0.00000000       -0.00000000 
       -0.00000001        0.00000014        0.00000016        0.00000001       -0.00000000       -0.00000000 
       -0.00000001        0.00000020        0.00000023        0.00000002       -0.00000000       -0.00000000 
       -0.00000001        0.00000030        0.00000035        0.00000003       -0.00000000       -0.00000000 
       -0.00000002        0.00000043        0.00000051        0.00000004       -0.00000001       -0.00000000 
       -0.00000003        0.00000063        0.00000074        0.00000006       -0.00000001       -0.00000000 
       -0.00000004        0.00000091        0.00000107        0.00000009       -0.00000001       -0.00000001 
       -0.00000006        0.00000130        0.00000154        0.00000014       -0.00000001       -0.00000001 
       -0.00000008        0.00000185        0.00000220        0.00000021       -0.00000001       -0.00000001 
       -0.00000012        0.00000263        0.00000313        0.00000032       -0.00000001       -0.00000001 
       -0.00000016        0.00000370        0.00000442        0.00000048       -0.00000000       -0.00000002 
       -0.00000022        0.00000519        0.00000622        0.00000070        0.00000001       -0.00000002 
       -0.00000031        0.00000722        0.00000870        0.00000102        0.00000002       -0.00000003 
       -0.00000042        0.00001000        0.00001208        0.00000148        0.00000005       -0.00000004 
       -0.00000057        0.00001377        0.00001670        0.00000213        0.00000011       -0.00000004 
       -0.00000076        0.00001885        0.00002294        0.00000305        0.00000019       -0.00000005 
       -0.00000102        0.00002565        0.00003132        0.00000434        0.00000032       -0.00000005 
       -0.00000135        0.00003469        0.00004254        0.00000613        0.00000053       -0.00000005 
       -0.00000178        0.00004666        0.00005743        0.00000860        0.00000084       -0.00000004 
       -0.00000233        0.00006239        0.00007708        0.00001199        0.00000129       -0.00000001 
       -0.00000302        0.00008293        0.00010288        0.00001662        0.00000197        0.00000004 
       -0.00000389        0.00010962        0.00013652        0.00002287        0.00000294        0.00000012 
       -0.00000497        0.00014405        0.00018014        0.00003129        0.00000432        0.00000027 
       -0.00000628        0.00018822        0.00023634        0.00004254        0.00000628        0.00000050 
       -0.00000788        0.00024454        0.00030832        0.00005747        0.00000902        0.00000085 
       -0.00000980        0.00031591        0.00039995        0.00007718        0.00001282        0.00000137 
       -0.00001205        0.00040581        0.00051590        0.00010301        0.00001803        0.00000213 
       -0.00001468        0.00051835        0.00066175        0.00013667        0.00002513        0.00000322 
       -0.00001766        0.00065840        0.00084409        0.00018025        0.00003471        0.00000477 
       -0.00002099        0.00083163        0.00107069        0.00023631        0.00004754        0.00000694 
       -0.00002459        0.00104461        0.00135060        0.00030798        0.00006459        0.00000993 
       -0.00002836        0.00130491        0.00169431        0.00039904        0.00008706        0.00001402 
       -0.00003210        0.00162114        0.00211381        0.00051402        0.00011648        0.00001955 
       -0.00003552        0.00200302        0.00262277        0.00065832        0.00015469        0.00002695 
       -0.00003821        0.00246146        0.00323659        0.00083830        0.00020398        0.00003676 
       -0.00003962        0.00300855        0.00397246        0.00106139        0.00026712        0.00004967 
       -0.00003897        0.00365758        0.00484940        0.00133627        0.00034742        0.00006650 
       -0.00003527        0.00442303        0.00588824        0.00167287        0.00044887        0.00008828 
       -0.00002721        0.00532053        0.00711159        0.00208258        0.00057618        0.00011623 
       -0.00001318        0.00636673        0.00854368        0.00257825        0.00073486        0.00015183 
        0.00000888        0.00757921        0.01021023        0.00317431        0.00093137        0.00019685 
        0.00004145        0.00897629        0.01213817        0.00388681        0.00117310        0.00025333 
        0.00008758        0.01057690        0.01435533        0.00473336        0.00146857        0.00032372 
        0.00015087        0.01240020        0.01689015        0.00573323        0.00182739        0.00041081 
        0.00023561        0.01446544        0.01977107        0.00690708        0.00226033        0.00051781 
        0.00034677        0.01679156        0.02302620        0.00827705        0.00277947        0.00064838 
        0.00049010        0.01939691        0.02668259        0.00986640        0.00339793        0.00080662 
        0.00067211        0.02229876        0.03076571        0.01169935        0.00413018        0.00099711 
        0.00090016        0.02551308        0.03529875        0.01380077        0.00499174        0.00122490 
        0.00118240        0.02905407        0.04030207        0.01619577        0.00599903        0.00149545 
        0.00152776        0.03293375        0.04579221        0.01890921        0.00716940        0.00181469 
        0.00194596        0.03716163        0.05178170        0.02196544        0.00852083        0.00218890 
        0.00244731        0.04174443        0.05827790        0.02538744        0.01007163        0.00262466 
        0.00304276        0.04668567        0.06528295        0.02919653        0.01184021        0.00312879 
        0.00374359        0.05198546        0.07279304        0.03341150        0.01384461        0.00370818 
        0.00456136        0.05764009        0.08079791        0.03804822        0.01610219        0.00436976 
        0.00550766        0.06364244        0.08928075        0.04311889        0.01862928        0.00512025 
        0.00659384        0.06998117        0.09821817        0.04863134        0.02144021        0.00596598 
        0.00783082        0.07664124        0.10757974        0.05458863        0.02454746        0.00691281 
        0.00922866        0.08360354        0.11732896        0.06098853        0.02796070        0.00796589 
        0.01079640        0.09084529        0.12742233        0.06782292        0.03168659        0.00912935 
        0.01254177        0.09834016        0.13781118        0.07507771        0.03572783        0.01040632 
        0.01447069        0.10605849        0.14844084        0.08273230        0.04008341        0.01179847 
        0.01658720        0.11396758        0.15925257        0.09075966        0.04474744        0.01330599 
        0.01889291        0.12203130        0.17018345        0.09912613        0.04970947        0.01492743 
        0.02138718        0.13021187        0.18116742        0.10779196        0.05495366        0.01665930 
        0.02406639        0.13846928        0.19213635        0.11671126        0.06045935        0.01849642 
        0.02692427        0.14676149        0.20302129        0.12583250        0.06620049        0.02043144 
        0.02995141        0.15504561        0.21375266        0.13509902        0.07214603        0.02245504 
        0.03313556        0.16327772        0.22426176        0.14444998        0.07825950        0.02455565 
        0.03646134        0.17141311        0.23448122        0.15382099        0.08450106        0.02672026 
        0.03991067        0.17940763        0.24434665        0.16314477        0.09082586        0.02893379 
        0.04346271        0.18721706        0.25379601        0.17235225        0.09718570        0.03117925 
        0.04709414        0.19479752        0.26277143        0.18137383        0.10353011        0.03343886 
        0.05077945        0.20210704        0.27121997        0.19014001        0.10980612        0.03569317 
        0.05449142        0.20910376        0.27909219        0.19858271        0.11596063        0.03792271 
        0.05820145        0.21574867        0.28634512        0.20663583        0.12193888        0.04010665 
        0.06187978        0.22200346        0.29294014        0.21423692        0.12768835        0.04222488 
        0.06549631        0.22783303        0.29884481        0.22132689        0.13315725        0.04425734 
        0.06902093        0.23320377        0.30403149        0.22785234        0.13829613        0.04618433 
        0.07242365        0.23808509        0.30847919        0.23376513        0.14306003        0.04798782 
        0.07567568        0.24244970        0.31217080        0.23902273        0.14740694        0.04965076 
        0.07874930        0.24627194        0.31509590        0.24359018        0.15130043        0.05115795 
        0.08161828        0.24953055        0.31724805        0.24743837        0.15470827        0.05249560 
        0.08425891        0.25220734        0.31862617        0.25054622        0.15760577        0.05365324 
        0.08664942        0.25428689        0.31923401        0.25289911        0.15997225        0.05462119 
        0.08877066        0.25575757        0.31907856        0.25448972        0.16179466        0.05539352 
        0.09060615        0.25661176        0.31817168        0.25531781        0.16306573        0.05596620 
        0.09214246        0.25684482        0.31652892        0.25538981        0.16378415        0.05633742 
        0.09336904        0.25645667        0.31416965        0.25471795        0.16395354        0.05650747 
        0.09427816        0.25544983        0.31111526        0.25332141        0.16358531        0.05648002 
        0.09486544        0.25383115        0.30739236        0.25122333        0.16269314        0.05625939 
        0.09512874        0.25160998        0.30302811        0.24845260        0.16129744        0.05585256 
        0.09506932        0.24880147        0.29805362        0.24504203        0.15942180        0.05526841 
        0.09469092        0.24542183        0.29250157        0.24102741        0.15709221        0.05451605 
        0.09399939        0.24149138        0.28640807        0.23644960        0.15433997        0.05360705 
        0.09300321        0.23703343        0.27980912        0.23134923        0.15119582        0.05255300 
        0.09171268        0.23207414        0.27274442        0.22577024        0.14769423        0.05136675 
        0.09014046        0.22664207        0.26525307        0.21975702        0.14386874        0.05006072 
        0.08830053        0.22076887        0.25737691        0.21335578        0.13975549        0.04864851 
        0.08620846        0.21448743        0.24915838        0.20661283        0.13538903        0.04714286 
        0.08388126        0.20783305        0.24063879        0.19957203        0.13080382        0.04555681 
        0.08133620        0.20084178        0.23186213        0.19227940        0.12603438        0.04390341 
        0.07859302        0.19355237        0.22287178        0.18477994        0.12111330        0.04219407 
        0.07567060        0.18600363        0.21370894        0.17711502        0.11607230        0.04044104 
        0.07258928        0.17823398        0.20441723        0.16932654        0.11094135        0.03865483 
        0.06936926        0.17028445        0.19503748        0.16145468        0.10574973        0.03684670 
        0.06603122        0.16219425        0.18561018        0.15353727        0.10052407        0.03502542 
        0.06259602        0.15400243        0.17617512        0.14560962        0.09528983        0.03320110 
        0.05908382        0.14574862        0.16676986        0.13770676        0.09007013        0.03138113 
        0.05551511        0.13747013        0.15743005        0.12985992        0.08488691        0.02957374 
        0.05190963        0.12920511        0.14819181        0.12210011        0.07976091        0.02778620 
        0.04828662        0.12098825        0.13908601        0.11445367        0.07471049        0.02602488 
        0.04466510        0.11285412        0.13014364        0.10694766        0.06975257        0.02429587 
        0.04106241        0.10483479        0.12139404        0.09960520        0.06490254        0.02260423 
        0.03749585        0.09696054        0.11286247        0.09244788        0.06017506        0.02095538 
        0.03398144        0.08925962        0.10457265        0.08549547        0.05558312        0.01935351 
        0.03053403        0.08175886        0.09654784        0.07876563        0.05113757        0.01780248 
        0.02716738        0.07448161        0.08880591        0.07227373        0.04684889        0.01630616 
        0.02389401        0.06744945        0.08136511        0.06603503        0.04272640        0.01486754 
        0.02072525        0.06068099        0.07423913        0.06006086        0.03877842        0.01348948 
        0.01767111        0.05419278        0.06744242        0.05436146        0.03501093        0.01217425 
        0.01474029        0.04799938        0.06098461        0.04894626        0.03143001        0.01092362 
        0.01194000        0.04211307        0.05487382        0.04382062        0.02804005        0.00973994 
        0.00927681        0.03654230        0.04911697        0.03899205        0.02484608        0.00862408 
        0.00675499        0.03129399        0.04371822        0.03446269        0.02184868        0.00757664 
        0.00437856        0.02637362        0.03868055        0.03023601        0.01905096        0.00659895 
        0.00214994        0.02178431        0.03400362        0.02631211        0.01645303        0.00569046 
        0.00007027        0.01752555        0.02968752        0.02269006        0.01405501        0.00485218 
       -0.00186014        0.01359713        0.02572906        0.01936889        0.01185572        0.00408304 
       -0.00364166        0.00999594        0.02212512        0.01634502        0.00985289        0.00338227 
       -0.00527608        0.00671780        0.01886809        0.01361299        0.00804412        0.00274968 
       -0.00676548        0.00375700        0.01595187        0.01116836        0.00642490        0.00218302 
       -0.00811285        0.00110614        0.01336873        0.00900340        0.00499189        0.00168151 
       -0.00932163       -0.00124228        0.01110935        0.00711155        0.00373960        0.00124305 
       -0.01039672       -0.00329959        0.00916302        0.00548315        0.00266206        0.00086594 
       -0.01134169       -0.00507450        0.00751936        0.00411034        0.00175405        0.00054777 
       -0.01216161       -0.00657737        0.00616598        0.00298166        0.00100875        0.00028658 
       -0.01286227       -0.00782120        0.00508976        0.00208652        0.00041795        0.00007945 
       -0.01344806       -0.00881636        0.00427866        0.00141466       -0.00002491       -0.00007600 
       -0.01392525       -0.00957572        0.00371826        0.00095296       -0.00032794       -0.00018269 
       -0.01429939       -0.01011300        0.00339532        0.00069094       -0.00049925       -0.00024348 
       -0.01457566       -0.01043928        0.00329423        0.00061548       -0.00054657       -0.00026071 
       -0.01476032       -0.01056778        0.00340199        0.00071383       -0.00047958       -0.00023842 
       -0.01485854       -0.01051235        0.00370514        0.00097513       -0.00030529       -0.00017869 
       -0.01487619       -0.01028383        0.00418699        0.00138545       -0.00003314       -0.00008523 
       -0.01481891       -0.00989699        0.00483394        0.00193214        0.00032914        0.00003994 
       -0.01469141       -0.00936198        0.00563264        0.00260448        0.00077271        0.00019276 
       -0.01449990       -0.00869381        0.00656927        0.00338995        0.00129020        0.00037134 
       -0.01424879       -0.00790250        0.00762892        0.00427616        0.00187337        0.00057244 
       -0.01394397       -0.00699985        0.00879931        0.00525177        0.00251365        0.00079334 
       -0.01358974       -0.00599766        0.01006722        0.00630605        0.00320554        0.00103194 
       -0.01319116       -0.00490785        0.01141942        0.00742865        0.00393951        0.00128430 
       -0.01275295       -0.00374055        0.01284444        0.00860763        0.00471020        0.00154966 
       -0.01227933       -0.00250542        0.01433039        0.00983548        0.00551033        0.00182450 
       -0.01177484       -0.00121391        0.01586604        0.01110029        0.00633407        0.00210744 
       -0.01124400        0.00012481        0.01743972        0.01239455        0.00717533        0.00239611 
       -0.01069081        0.00150120        0.01904309        0.01371002        0.00802851        0.00268805 
       -0.01011872        0.00290692        0.02066457        0.01503801        0.00888860        0.00298285 
       -0.00953168        0.00433314        0.02229643        0.01637101        0.00975072        0.00327748 
       -0.00893378        0.00577164        0.02392828        0.01770258        0.01061058        0.00357127 
       -0.00832790        0.00721478        0.02555406        0.01902568        0.01146340        0.00386226 
       -0.00771761        0.00865543        0.02716470        0.02033508        0.01230621        0.00414956 
       -0.00710583        0.01008737        0.02875471        0.02162516        0.01313543        0.00443184 
       -0.00649536        0.01150393        0.03031600        0.02289093        0.01394796        0.00470805 
       -0.00588882        0.01289964        0.03184390        0.02412689        0.01474023        0.00497735 
       -0.00528914        0.01426852        0.03333318        0.02533066        0.01551127        0.00523895 
       -0.00469780        0.01560700        0.03477812        0.02649713        0.01625776        0.00549221 
       -0.00411761        0.01691020        0.03617632        0.02762437        0.01697826        0.00573647 
       -0.00355017        0.01817346        0.03752279        0.02870965        0.01767123        0.00597143 
       -0.00299686        0.01939535        0.03881550        0.02974916        0.01833487        0.00619590 
       -0.00245941        0.02057159        0.04005075        0.03074419        0.01896918        0.00641030 
       -0.00193900        0.02170002        0.04122710        0.03168941        0.01957238        0.00661445 
       -0.00143653        0.02278018        0.04234278        0.03258669        0.02014351        0.00680709 
       -0.00095278        0.02380919        0.04339635        0.03343296        0.02068329        0.00698942 
       -0.00048923        0.02478528        0.04438818        0.03422940        0.02119064        0.00716054 
       -0.00004554        0.02570891        0.04531693        0.03497541        0.02166605        0.00732076 
        0.00037754        0.02657938        0.04618263        0.03567040        0.02210903        0.00747037 
        0.00078017        0.02739680        0.04698527        0.03631449        0.02251995        0.00760889 
        0.00116146        0.02816069        0.04772675        0.03690970        0.02289927        0.00773674 
        0.00152266        0.02887189        0.04840589        0.03745532        0.02324700        0.00785363 
        0.00186282        0.02953136        0.04902530        0.03795254        0.02356422        0.00796044 
        0.00218254        0.03013945        0.04958606        0.03840292        0.02385199        0.00805712 
        0.00248182        0.03069746        0.05008829        0.03880703        0.02411056        0.00814372 
        0.00276220        0.03120685        0.05053532        0.03916597        0.02434015        0.00822121 
        0.00302285        0.03166831        0.05092800        0.03948140        0.02454174        0.00828862 
        0.00326484        0.03208411        0.05126691        0.03975475        0.02471721        0.00834745 
        0.00348824        0.03245413        0.05155635        0.03998840        0.02486658        0.00839686 
        0.00369442        0.03278184        0.05179644        0.04018259        0.02499223        0.00843894 
        0.00388378        0.03306794        0.05199015        0.04033899        0.02509296        0.00847232 
        0.00405687        0.03331482        0.05213857        0.04045963        0.02517092        0.00849777 
        0.00421417        0.03352320        0.05224442        0.04054689        0.02522802        0.00851649 
        0.00435632        0.03369510        0.05230916        0.04060078        0.02526391        0.00852764 
        0.00448442        0.03383219        0.05233467        0.04062390        0.02528000        0.00853240 
        0.00459844        0.03393662        0.05232286        0.04061759        0.02527750        0.00853056 
        0.00470001        0.03400970        0.05227768        0.04058373        0.02525771        0.00852317 
        0.00478899        0.03405261        0.05219769        0.04052365        0.02522087        0.00850958 
        0.00486660        0.03406799        0.05208743        0.04043889        0.02516878        0.00849116 
        0.00493282        0.03405595        0.05194736        0.04033101        0.02510190        0.00846767 
        0.00498897        0.03401947        0.05178034        0.04020143        0.02502143        0.00843960 
        0.00503522        0.03395951        0.05158651        0.04005170        0.02492785        0.00840676 
        0.00507212        0.03387713        0.05136919        0.03988302        0.02482271        0.00837046 
        0.00510067        0.03377461        0.05112863        0.03969669        0.02470660        0.00833029 
        0.00512099        0.03365254        0.05086768        0.03949380        0.02457952        0.00828624 
        0.00513381        0.03351259        0.05058742        0.03927672        0.02444434        0.00824004 
        0.00513959        0.03335547        0.05028856        0.03904533        0.02429926        0.00818998 
        0.00513858        0.03318262        0.04997337        0.03880143        0.02414680        0.00813746 
        0.00513172        0.03299654        0.04964232        0.03854585        0.02398741        0.00808281 
        0.00511932        0.03279674        0.04929721        0.03827929        0.02382112        0.00802571 
        0.00510144        0.03258407        0.04893994        0.03800368        0.02364886        0.00796652 
        0.00507897        0.03236079        0.04857063        0.03771913        0.02347100        0.00790548 
        0.00505161        0.03212643        0.04818988        0.03742671        0.02328932        0.00784320 
        0.00502050        0.03188288        0.04780018        0.03712642        0.02310252        0.00777960 
        0.00498527        0.03163040        0.04740155        0.03682089        0.02291226        0.00771469 
        0.00494689        0.03137052        0.04699492        0.03650880        0.02271807        0.00764841 
        0.00490516        0.03110313        0.04658091        0.03619206        0.02252114        0.00758106 
        0.00486064        0.03082907        0.04616022        0.03587091        0.02232170        0.00751293 
        0.00481325        0.03054881        0.04573452        0.03554547        0.02212000        0.00744438 
        0.00476319        0.03026354        0.04530323        0.03521609        0.02191556        0.00737482 
        0.00471121        0.02997315        0.04486811        0.03488493        0.02171016        0.00730479 
        0.00465697        0.02967846        0.04442883        0.03455043        0.02150333        0.00723463 
        0.00460094        0.02938068        0.04398632        0.03421414        0.02129531        0.00716418 
        0.00454313        0.02907836        0.04354024        0.03387558        0.02108610        0.00709313 
        0.00448364        0.02877331        0.04309201        0.03353548        0.02087593        0.00702173 
        0.00442278        0.02846551        0.04264176        0.03319442        0.02066529        0.00695014 
        0.00436050        0.02815473        0.04218912        0.03285217        0.02045369        0.00687844 
        0.00429696        0.02784181        0.04173517        0.03250825        0.02024162        0.00680667 
        0.00423253        0.02752733        0.04128015        0.03216481        0.02002966        0.00673461 
        0.00416684        0.02721095        0.04082417        0.03182018        0.01981783        0.00666314 
        0.00410032        0.02689254        0.04036653        0.03147578        0.01960552        0.00659126 
        0.00403285        0.02657330        0.03990901        0.03113055        0.01939309        0.00651932 
        0.00396454        0.02625287        0.03945017        0.03078508        0.01918054        0.00644749 
        0.00389540        0.02593076        0.03899157        0.03043997        0.01896787        0.00637555 
        0.00382560        0.02560771        0.03853226        0.03009427        0.01875556        0.00630379 
        0.00375527        0.02528477        0.03807318        0.02974904        0.01854384        0.00623250 
        0.00368398        0.02495980        0.03761363        0.02940357        0.01833165        0.00616091 
        0.00361240        0.02463460        0.03715420        0.02905858        0.01811969        0.00608915 
        0.00354022        0.02430916        0.03669488        0.02871358        0.01790822        0.00601792 
        0.00346744        0.02398276        0.03623557        0.02836895        0.01769614        0.00594622 
        0.00339395        0.02365589        0.03577673        0.02802444        0.01748502        0.00587535 
        0.00332022        0.02332878        0.03531754        0.02767980        0.01727343        0.00580370 
        0.00324613        0.02300119        0.03485870        0.02733612        0.01706314        0.00573301 
        0.00317150        0.02267289        0.03440022        0.02699184        0.01685143        0.00566143 
        0.00309622        0.02234483        0.03394175        0.02664840        0.01664126        0.00559098 
        0.00302094        0.02201653        0.03348351        0.02630484        0.01643062        0.00551987 
        0.00294513        0.02168751        0.03302598        0.02596164        0.01622021        0.00544912 
        0.00286865        0.02135909        0.03256893        0.02561891        0.01601040        0.00537843 
        0.00279194        0.02102959        0.03211188        0.02527654        0.01580048        0.00530785 
        0.00271499        0.02070022        0.03165603        0.02493453        0.01559055        0.00523722 
        0.00263739        0.02037060        0.03119898        0.02459180        0.01538086        0.00516659 
        0.00255987        0.02004111        0.03074324        0.02425063        0.01517165        0.00509626 
        0.00248179        0.01971126        0.03028905        0.02391016        0.01496291        0.00502598 
        0.00240368        0.01938140        0.02983403        0.02356863        0.01475406        0.00495577 
        0.00232512        0.01905239        0.02937961        0.02322829        0.01454544        0.00488573 
        0.00224623        0.01872218        0.02892578        0.02288795        0.01433671        0.00481540 
        0.00216702        0.01839244        0.02847290        0.02254832        0.01412916        0.00474590 
        0.00208777        0.01806295        0.02802002        0.02220869        0.01392090        0.00467581 
        0.00200820        0.01773345        0.02756786        0.02186954        0.01371324        0.00460631 
        0.00192821        0.01740378        0.02711678        0.02153122        0.01350605        0.00453657 
        0.00184822        0.01707464        0.02666569        0.02119350        0.01329923        0.00446713 
        0.00176769        0.01674575        0.02621555        0.02085567        0.01309240        0.00439775 
        0.00168753        0.01641643        0.02576673        0.02051878        0.01288569        0.00432831 
        0.00160664        0.01608765        0.02531779        0.02018237        0.01268005        0.00425947 
        0.00152570        0.01575935        0.02487004        0.01984632        0.01247406        0.00419015 
        0.00144473        0.01543111        0.02442348        0.01951098        0.01226902        0.00412136 
        0.00136361        0.01510382        0.02397680        0.01917601        0.01206374        0.00405252 
        0.00128216        0.01477563        0.02353215        0.01884198        0.01185930        0.00398415 
        0.00120094        0.01444924        0.02308738        0.01850843        0.01165545        0.00391585 
        0.00111932        0.01412213        0.02264452        0.01817608        0.01145172        0.00384742 
        0.00103781        0.01379633        0.02220219        0.01784384        0.01124835        0.00377917 
        0.00095606        0.01347065        0.02176094        0.01751328        0.01104569        0.00371116 
        0.00087443        0.01314557        0.02132106        0.01718247        0.01084304        0.00364321 
        0.00079262        0.01282114        0.02088189        0.01685309        0.01064169        0.00357598 
        0.00071079        0.01249719        0.02044439        0.01652455        0.01044023        0.00350839 
        0.00062904        0.01217389        0.02000773        0.01619637        0.01023948        0.00344115 
        0.00054738        0.01185215        0.01957226        0.01586914        0.01003933        0.00337410 
        0.00046539        0.01153016        0.01913822        0.01554358        0.00983953        0.00330698 
        0.00038391        0.01120949        0.01870561        0.01521862        0.00964105        0.00324064 
        0.00030217        0.01088929        0.01827466        0.01489449        0.00944233        0.00317401 
        0.00022066        0.01057053        0.01784539        0.01457214        0.00924504        0.00310802 
        0.00013933        0.01025248        0.01741695        0.01425034        0.00904810        0.00304198 
        0.00005800        0.00993538        0.01699054        0.01392996        0.00885201        0.00297636 
       -0.00002337        0.00961906        0.01656556        0.01361048        0.00865614        0.00291067 
       -0.00010443        0.00930393        0.01614243        0.01329273        0.00846148        0.00284541 
       -0.00018546        0.00898999        0.01572108        0.01297605        0.00826776        0.00278080 
       -0.00026593        0.00867742        0.01530111        0.01265997        0.00807416        0.00271600 
       -0.00034660        0.00836611        0.01488340        0.01234603        0.00788200        0.00265157 
       -0.00042659        0.00805563        0.01446694        0.01203305        0.00769043        0.00258768 
       -0.00050679        0.00774622        0.01405305        0.01172161        0.00749981        0.00252372 
       -0.00058669        0.00743854        0.01364040        0.01141179        0.00731003        0.00246018 
       -0.00066620        0.00713205        0.01323044        0.01110339        0.00712091        0.00239706 
       -0.00074551        0.00682712        0.01282203        0.01079607        0.00693297        0.00233412 
       -0.00082442        0.00652361        0.01241595        0.01049060        0.00674564        0.00227135 
       -0.00090301        0.00622153        0.01201147        0.01018667        0.00655985        0.00220931 
       -0.00098151        0.00592065        0.01160926        0.00988376        0.00637424        0.00214708 
       -0.00105959        0.00562149        0.01120973        0.00958377        0.00619066        0.00208586 
       -0.00113726        0.00532389        0.01081240        0.00928450        0.00600731        0.00202465 
       -0.00121436        0.00502801        0.01041692        0.00898671        0.00582469        0.00196347 
       -0.00129145        0.00473368        0.01002342        0.00869095        0.00564373        0.00190276 
       -0.00136805        0.00444096        0.00963295        0.00839698        0.00546372        0.00184283 
       -0.00144419        0.00414985        0.00924468        0.00810474        0.00528467        0.00178283 
       -0.00151989        0.00386077        0.00885844        0.00781393        0.00510663        0.00172335 
       -0.00159511        0.00357306        0.00847495        0.00752544        0.00492990        0.00166434 
       -0.00167006        0.00328743        0.00809360        0.00723851        0.00475395        0.00160545 
       -0.00174457        0.00300324        0.00771481        0.00695312        0.00457942        0.00154716 
       -0.00181851        0.00272095        0.00733829        0.00666982        0.00440592        0.00148910 
       -0.00189194        0.00244087        0.00696480        0.00638866        0.00423372        0.00143141 
       -0.00196514        0.00216210        0.00659347        0.00610906        0.00406241        0.00137445 
       -0.00203779        0.00188553        0.00622499        0.00583130        0.00389218        0.00131747 
       -0.00210983        0.00161111        0.00585878        0.00555575        0.00372356        0.00126120 
       -0.00218129        0.00133801        0.00549519        0.00528204        0.00355583        0.00120509 
       -0.00225258        0.00106722        0.00513428        0.00501019        0.00338924        0.00114921 
       -0.00232330        0.00079823        0.00477624        0.00474012        0.00322407        0.00109422 
       -0.00239325        0.00053138        0.00442046        0.00447226        0.00305980        0.00103927 
       -0.00246286        0.00026596        0.00406718        0.00420630        0.00289679        0.00098479 
       -0.00253195        0.00000334        0.00371683        0.00394255        0.00273550        0.00093096 
       -0.00260043       -0.00025767        0.00336927        0.00368088        0.00257474        0.00087711 
       -0.00266850       -0.00051659        0.00302446        0.00342059        0.00241560        0.00082415 
       -0.00273573       -0.00077361        0.00268233        0.00316286        0.00225747        0.00077116 
       -0.00280270       -0.00102878        0.00234276        0.00290728        0.00210077        0.00071889 
       -0.00286913       -0.00128150        0.00200629        0.00265336        0.00194538        0.00066701 
       -0.00293475       -0.00153238        0.00167191        0.00240159        0.00179118        0.00061542 
       -0.00299999       -0.00178087        0.00134093        0.00215197        0.00163817        0.00056437 
       -0.00306445       -0.00202751        0.00101209        0.00190413        0.00148636        0.00051364 
       -0.00312856       -0.00227213        0.00068665        0.00165850        0.00133586        0.00046349 
       -0.00319210       -0.00251478        0.00036335        0.00141513        0.00118655        0.00041342 
       -0.00325498       -0.00275528        0.00004297        0.00117362        0.00103861        0.00036407 
       -0.00331736       -0.00299370       -0.00027442        0.00093412        0.00089198        0.00031531 
       -0.00337905       -0.00322992       -0.00058901        0.00069690        0.00074661        0.00026658 
       -0.00344029       -0.00346410       -0.00090075        0.00046164        0.00060219        0.00021839 
       -0.00350082       -0.00369585       -0.00120986        0.00022912        0.00045955        0.00017059 
       -0.00356081       -0.00392586       -0.00151646       -0.00000250        0.00031769        0.00012335 
       -0.00362030       -0.00415385       -0.00182009       -0.00023127        0.00017744        0.00007635 
       -0.00367895       -0.00437927       -0.00212103       -0.00045848        0.00003827        0.00003022 
       -0.00373739       -0.00460333       -0.00241905       -0.00068343       -0.00009948       -0.00001588 
       -0.00379497       -0.00482464       -0.00271428       -0.00090617       -0.00023645       -0.00006172 
       -0.00385207       -0.00504410       -0.00300747       -0.00112700       -0.00037158       -0.00010687 
       -0.00390840       -0.00526130       -0.00329667       -0.00134575       -0.00050598       -0.00015178 
       -0.00396422       -0.00547659       -0.00358385       -0.00156212       -0.00063866       -0.00019604 
       -0.00401959       -0.00568968       -0.00386816       -0.00177675       -0.00076997       -0.00023982 
       -0.00407413       -0.00590044       -0.00414979       -0.00198972       -0.00090051       -0.00028336 
       -0.00412816       -0.00610942       -0.00442863       -0.00219995       -0.00102985       -0.00032660 
       -0.00418162       -0.00631607       -0.00470442       -0.00240815       -0.00115705       -0.00036898 
       -0.00423458       -0.00652093       -0.00497794       -0.00261474       -0.00128382       -0.00041124 
       -0.00428671       -0.00672317       -0.00524843       -0.00281906       -0.00140917       -0.00045317 
       -0.00433850       -0.00692397       -0.00551677       -0.00302142       -0.00153321       -0.00049460 
       -0.00438955       -0.00712228       -0.00578183       -0.00322175       -0.00165635       -0.00053570 
       -0.00444010       -0.00731850       -0.00604397       -0.00342000       -0.00177795       -0.00057641 
       -0.00448999       -0.00751287       -0.00630349       -0.00361621       -0.00189817       -0.00061637 
       -0.00453919       -0.00770503       -0.00656056       -0.00381023       -0.00201726       -0.00065622 
       -0.00458789       -0.00789511       -0.00681543       -0.00400287       -0.00213552       -0.00069577 
       -0.00463608       -0.00808316       -0.00706708       -0.00419301       -0.00225210       -0.00073460 
       -0.00468343       -0.00826895       -0.00731599       -0.00438130       -0.00236750       -0.00077304 
       -0.00473058       -0.00845325       -0.00756252       -0.00456750       -0.00248170       -0.00081125 
       -0.00477687       -0.00863534       -0.00780606       -0.00475150       -0.00259483       -0.00084895 
       -0.00482270       -0.00881517       -0.00804734       -0.00493443       -0.00270724       -0.00088656 
       -0.00486785       -0.00899309       -0.00828570       -0.00511432       -0.00281763       -0.00092340 
       -0.00491244       -0.00916868       -0.00852138       -0.00529277       -0.00292706       -0.00096002 
       -0.00495651       -0.00934285       -0.00875485       -0.00546962       -0.00303549       -0.00099608 
       -0.00499997       -0.00951445       -0.00898534       -0.00564373       -0.00314248       -0.00103188 
       -0.00504279       -0.00968415       -0.00921363       -0.00581634       -0.00324857       -0.00106740 
       -0.00508513       -0.00985229       -0.00943881       -0.00598711       -0.00335330       -0.00110233 
       -0.00512703       -0.01001829       -0.00966173       -0.00615567       -0.00345683       -0.00113681 
       -0.00516801       -0.01018214       -0.00988203       -0.00632262       -0.00355941       -0.00117087 
       -0.00520876       -0.01034415       -0.01009995       -0.00648779       -0.00366080       -0.00120488 
       -0.00524881       -0.01050407       -0.01031524       -0.00665069       -0.00376081       -0.00123826 
       -0.00528836       -0.01066220       -0.01052785       -0.00681186       -0.00385988       -0.00127125 
       -0.00532734       -0.01081812       -0.01073807       -0.00697106       -0.00395769       -0.00130391 
       -0.00536573       -0.01097244       -0.01094562       -0.00712842       -0.00405419       -0.00133610 
       -0.00540343       -0.01112455       -0.01115084       -0.00728369       -0.00415003       -0.00136828 
       -0.00544074       -0.01127499       -0.01135367       -0.00743765       -0.00424445       -0.00139970 
       -0.00547743       -0.01142317       -0.01155394       -0.00758934       -0.00433767       -0.00143096 
       -0.00551356       -0.01156986       -0.01175165       -0.00773919       -0.00442964       -0.00146154 
       -0.00554916       -0.01171440       -0.01194674       -0.00788742       -0.00452101       -0.00149202 
       -0.00558428       -0.01185715       -0.01214021       -0.00803417       -0.00461131       -0.00152224 
       -0.00561889       -0.01199809       -0.01233047       -0.00817841       -0.00469989       -0.00155178 
       -0.00565287       -0.01213706       -0.01251888       -0.00832146       -0.00478774       -0.00158113 
       -0.00568622       -0.01227412       -0.01270437       -0.00846225       -0.00487447       -0.00161004 
       -0.00571918       -0.01240963       -0.01288730       -0.00860131       -0.00496018       -0.00163874 
       -0.00575162       -0.01254308       -0.01306850       -0.00873864       -0.00504458       -0.00166684 
       -0.00578344       -0.01267487       -0.01324728       -0.00887442       -0.00512773       -0.00169465 
       -0.00581485       -0.01280475       -0.01342350       -0.00900847       -0.00521064       -0.00172237 
       -0.00584561       -0.01293275       -0.01359749       -0.00914073       -0.00529182       -0.00174940 
       -0.00587595       -0.01305890       -0.01376912       -0.00927120       -0.00537211       -0.00177625 
       -0.00590570       -0.01318347       -0.01393846       -0.00939989       -0.00545156       -0.00180283 
       -0.00593501       -0.01330626       -0.01410544       -0.00952697       -0.00552970       -0.00182891 
       -0.00596377       -0.01342720       -0.01427013       -0.00965232       -0.00560671       -0.00185457 
       -0.00599203       -0.01354647       -0.01443258       -0.00977582       -0.00568289       -0.00187996 
       -0.00601985       -0.01366395       -0.01459289       -0.00989771       -0.00575811       -0.00190526 
       -0.00604708       -0.01377964       -0.01475078       -0.01001793       -0.00583208       -0.00192988 
       -0.00607383       -0.01389363       -0.01490653       -0.01013666       -0.00590515       -0.00195423 
       -0.00610012       -0.01400599       -0.01506028       -0.01025379       -0.00597727       -0.00197834 
       -0.00612600       -0.01411664       -0.01521155       -0.01036900       -0.00604862       -0.00200221 
       -0.00615126       -0.01422545       -0.01536083       -0.01048261       -0.00611842       -0.00202551 
       -0.00617605       -0.01433271       -0.01550770       -0.01059502       -0.00618756       -0.00204849 
       -0.00620040       -0.01443833       -0.01565278       -0.01070541       -0.00625569       -0.00207126 
       -0.00622424       -0.01454225       -0.01579535       -0.01081425       -0.00632292       -0.00209379 
       -0.00624758       -0.01464456       -0.01593614       -0.01092172       -0.00638890       -0.00211588 
       -0.00627057       -0.01474538       -0.01607481       -0.01102746       -0.00645441       -0.00213778 
       -0.00629309       -0.01484454       -0.01621088       -0.01113158       -0.00651866       -0.00215918 
       -0.00631499       -0.01494193       -0.01634544       -0.01123416       -0.00658202       -0.00218040 
       -0.00633657       -0.01503792       -0.01647782       -0.01133528       -0.00664443       -0.00220120 
       -0.00635761       -0.01513189       -0.01660794       -0.01143485       -0.00670582       -0.00222176 
       -0.00637814       -0.01522470       -0.01673624       -0.01153299       -0.00676638       -0.00224203 
       -0.00639832       -0.01531571       -0.01686239       -0.01162964       -0.00682610       -0.00226188 
       -0.00641802       -0.01540545       -0.01698664       -0.01172462       -0.00688481       -0.00228153 
       -0.00643724       -0.01549342       -0.01710865       -0.01181808       -0.00694248       -0.00230077 
       -0.00645611       -0.01557994       -0.01722896       -0.01191026       -0.00699955       -0.00231995 
       -0.00647451       -0.01566479       -0.01734704       -0.01200083       -0.00705558       -0.00233863 
       -0.00649238       -0.01574823       -0.01746362       -0.01208982       -0.00711030       -0.00235689 
       -0.00650980       -0.01583004       -0.01757792       -0.01217777       -0.00716484       -0.00237516 
       -0.00652686       -0.01591057       -0.01769036       -0.01226395       -0.00721818       -0.00239298 
       -0.00654355       -0.01598957       -0.01780069       -0.01234874       -0.00727063       -0.00241050 
       -0.00655986       -0.01606724       -0.01790923       -0.01243204       -0.00732249       -0.00242791 
       -0.00657554       -0.01614314       -0.01801604       -0.01251423       -0.00737321       -0.00244480 
       -0.00659099       -0.01621789       -0.01812100       -0.01259491       -0.00742298       -0.00246140 
       -0.00660597       -0.01629096       -0.01822397       -0.01267403       -0.00747219       -0.00247794 
       -0.00662045       -0.01636273       -0.01832527       -0.01275206       -0.00752050       -0.00249401 
       -0.00663459       -0.01643309       -0.01842439       -0.01282856       -0.00756779       -0.00250986 
       -0.00664838       -0.01650214       -0.01852202       -0.01290369       -0.00761455       -0.00252546 
       -0.00666174       -0.01656958       -0.01861781       -0.01297748       -0.00766027       -0.00254081 
       -0.00667480       -0.01663572       -0.01871184       -0.01304999       -0.00770533       -0.00255585 
       -0.00668730       -0.01670066       -0.01880366       -0.01312101       -0.00774938       -0.00257063 
       -0.00669952       -0.01676404       -0.01889431       -0.01319101       -0.00779283       -0.00258508 
       -0.00671130       -0.01682612       -0.01898289       -0.01325953       -0.00783536       -0.00259942 
       -0.00672272       -0.01688689       -0.01906997       -0.01332688       -0.00787711       -0.00261326 
       -0.00673372       -0.01694629       -0.01915517       -0.01339281       -0.00791818       -0.00262709 
       -0.00674441       -0.01700458       -0.01923883       -0.01345760       -0.00795853       -0.00264059 
       -0.00675468       -0.01706141       -0.01932058       -0.01352111       -0.00799799       -0.00265382 
       -0.00676456       -0.01711679       -0.01940081       -0.01358312       -0.00803652       -0.00266670 
       -0.00677416       -0.01717108       -0.01947916       -0.01364407       -0.00807458       -0.00267948 
       -0.00678340       -0.01722410       -0.01955637       -0.01370406       -0.00811180       -0.00269182 
       -0.00679216       -0.01727581       -0.01963159       -0.01376241       -0.00814816       -0.00270408 
       -0.00680071       -0.01732647       -0.01970521       -0.01381972       -0.00818405       -0.00271618 
       -0.00680874       -0.01737553       -0.01977718       -0.01387596       -0.00821891       -0.00272776 
       -0.00681661       -0.01742366       -0.01984775       -0.01393068       -0.00825313       -0.00273930 
       -0.00682393       -0.01747039       -0.01991656       -0.01398471       -0.00828683       -0.00275043 
       -0.00683098       -0.01751593       -0.01998398       -0.01403743       -0.00831982       -0.00276156 
       -0.00683773       -0.01756048       -0.02004978       -0.01408893       -0.00835174       -0.00277224 
       -0.00684410       -0.01760358       -0.02011397       -0.01413912       -0.00838318       -0.00278285 
       -0.00685024       -0.01764581       -0.02017662       -0.01418808       -0.00841403       -0.00279324 
       -0.00685599       -0.01768664       -0.02023807       -0.01423633       -0.00844419       -0.00280331 
       -0.00686136       -0.01772642       -0.02029797       -0.01428330       -0.00847346       -0.00281310 
       -0.00686643       -0.01776493       -0.02035606       -0.01432914       -0.00850216       -0.00282270 
       -0.00687110       -0.01780239       -0.02041283       -0.01437387       -0.00853014       -0.00283210 
       -0.00687551       -0.01783866       -0.02046835       -0.01441765       -0.00855768       -0.00284135 
       -0.00687963       -0.01787382       -0.02052218       -0.01446027       -0.00858438       -0.00285023 
       -0.00688349       -0.01790804       -0.02057445       -0.01450166       -0.00861046       -0.00285900 
       -0.00688699       -0.01794103       -0.02062553       -0.01454201       -0.00863597       -0.00286762 
       -0.00689019       -0.01797310       -0.02067536       -0.01458150       -0.00866067       -0.00287588 
       -0.00689310       -0.01800406       -0.02072358       -0.01461995       -0.00868490       -0.00288399 
       -0.00689568       -0.01803374       -0.02077040       -0.01465720       -0.00870833       -0.00289185 
       -0.00689800       -0.01806259       -0.02081609       -0.01469353       -0.00873142       -0.00289974 
       -0.00690001       -0.01809028       -0.02086002       -0.01472890       -0.00875372       -0.00290713 
       -0.00690171       -0.01811707       -0.02090311       -0.01476341       -0.00877541       -0.00291443 
       -0.00690316       -0.01814276       -0.02094448       -0.01479656       -0.00879648       -0.00292151 
       -0.00690429       -0.01816738       -0.02098474       -0.01482895       -0.00881702       -0.00292844 
       -0.00690511       -0.01819101       -0.02102369       -0.01486042       -0.00883690       -0.00293510 
       -0.00690572       -0.01821381       -0.02106127       -0.01489085       -0.00885621       -0.00294158 
       -0.00690603       -0.01823553       -0.02109772       -0.01492035       -0.00887495       -0.00294788 
       -0.00690600       -0.01825610       -0.02113277       -0.01494884       -0.00889313       -0.00295402 
