        0.00000000        0.00000000        0.00000000        0.00000000        0.00000000        0.00000000        0.00000000 
        0.00000000        0.00000000        0.00000000        0.00000000        0.00000000        0.00000000        0.00000000 
        0.00000000        0.00000000        0.00000000        0.00000000        0.00000000        0.00000000        0.00000000 
        0.00000000        0.00000000        0.00000000        0.00000000        0.00000000        0.00000000        0.00000000 
        0.00000000        0.00000000        0.00000000        0.00000000        0.00000000        0.00000000        0.00000000 
        0.00000000        0.00000000        0.00000000        0.00000000        0.00000000        0.00000000        0.00000000 
        0.00000000        0.00000000        0.00000000        0.00000000        0.00000000        0.00000000        0.00000000 
        0.00000000        0.00000000        0.00000000        0.00000000        0.00000000        0.00000000        0.00000000 
        0.00000000        0.00000000        0.00000000        0.00000000        0.00000000        0.00000000        0.00000000 
        0.00000000        0.00000000        0.00000000        0.00000000        0.00000000        0.00000000        0.00000000 
        0.00000000        0.00000000        0.00000000        0.00000000        0.00000000        0.00000000        0.00000000 
        0.00000000        0.00000000        0.00000000        0.00000000        0.00000000        0.00000000        0.00000000 
        0.00000000        0.00000000        0.00000000        0.00000000        0.00000000        0.00000000        0.00000000 
        0.00000000        0.00000000        0.00000000        0.00000000        0.00000000        0.00000000        0.00000000 
        0.00000000        0.00000000        0.00000000        0.00000000        0.00000000        0.00000000        0.00000000 
        0.00000000        0.00000000        0.00000000        0.00000000        0.00000000        0.00000000        0.00000000 
        0.00000000        0.00000000        0.00000000        0.00000000        0.00000000        0.00000000        0.00000000 
        0.00000000        0.00000000        0.00000000        0.00000000        0.00000000        0.00000000        0.00000000 
        0.00000000        0.00000000        0.00000000        0.00000000        0.00000000        0.00000000        0.00000000 
        0.00000000        0.00000000        0.00000000        0.00000000        0.00000000        0.00000000        0.00000000 
        0.00000000        0.00000000        0.00000000        0.00000000        0.00000000        0.00000000        0.00000000 
        0.00000000        0.00000000        0.00000000        0.00000000        0.00000000        0.00000000        0.00000000 
        0.00000000        0.00000000        0.00000000        0.00000000        0.00000000        0.00000000        0.00000000 
        0.00000000        0.00000000        0.00000000        0.00000000        0.00000000        0.00000000        0.00000000 
        0.00000000        0.00000000        0.00000000        0.00000000        0.00000000        0.00000000        0.00000000 
        0.00000000        0.00000000        0.00000000        0.00000000        0.00000000        0.00000000        0.00000000 
        0.00000000        0.00000000        0.00000000        0.00000000        0.00000000        0.00000000        0.00000000 
        0.00000000        0.00000000        0.00000000        0.00000000        0.00000000        0.00000000        0.00000000 
        0.00000000        0.00000000        0.00000000        0.00000000        0.00000000        0.00000000        0.00000000 
        0.00000000        0.00000000        0.00000000        0.00000000        0.00000000        0.00000000        0.00000000 
        0.00000000        0.00000000        0.00000000        0.00000000        0.00000000        0.00000000        0.00000000 
        0.00000000        0.00000000        0.00000000        0.00000000        0.00000000        0.00000000        0.00000000 
        0.00000000        0.00000000        0.00000000        0.00000000        0.00000000        0.00000000        0.00000000 
        0.00000000        0.00000000        0.00000000        0.00000000        0.00000000        0.00000000        0.00000000 
        0.00000000        0.00000000        0.00000000        0.00000000        0.00000000        0.00000000        0.00000000 
        0.00000000        0.00000000        0.00000000        0.00000000        0.00000000        0.00000000        0.00000000 
        0.00000000        0.00000000        0.00000000        0.00000000        0.00000000        0.00000000        0.00000000 
        0.00000000        0.00000000        0.00000000        0.00000000        0.00000000        0.00000000        0.00000000 
        0.00000000        0.00000000        0.00000000        0.00000000        0.00000000        0.00000000        0.00000000 
        0.00000000        0.00000000        0.00000000        0.00000000        0.00000000        0.00000000        0.00000000 
        0.00000000        0.00000000        0.00000000        0.00000000        0.00000000        0.00000000        0.00000000 
        0.00000000        0.00000000        0.00000000        0.00000000        0.00000000        0.00000000        0.00000000 
        0.00000000        0.00000000        0.00000000        0.00000000        0.00000000        0.00000000        0.00000000 
        0.00000000        0.00000000        0.00000000       -0.00000000        0.00000000        0.00000000        0.00000000 
        0.00000000        0.00000000        0.00000000       -0.00000000        0.00000000        0.00000000        0.00000000 
        0.00000000        0.00000000        0.00000000       -0.00000000        0.00000000        0.00000000        0.00000000 
        0.00000000       -0.00000000       -0.00000000       -0.00000000        0.00000000        0.00000000        0.00000000 
        0.00000000       -0.00000000       -0.00000000       -0.00000000        0.00000000        0.00000000        0.00000000 
        0.00000000       -0.00000000       -0.00000000       -0.00000000        0.00000000        0.00000000        0.00000000 
       -0.00000000       -0.00000000       -0.00000000       -0.00000000        0.00000000        0.00000000        0.00000000 
       -0.00000000       -0.00000000       -0.00000000       -0.00000000        0.00000000        0.00000000        0.00000000 
       -0.00000000       -0.00000000       -0.00000000       -0.00000000        0.00000000        0.00000000        0.00000000 
       -0.00000000       -0.00000000       -0.00000000       -0.00000000        0.00000000        0.00000000        0.00000000 
       -0.00000000       -0.00000000       -0.00000000       -0.00000000        0.00000000        0.00000000        0.00000000 
       -0.00000000       -0.00000000       -0.00000000       -0.00000000        0.00000000        0.00000000        0.00000000 
       -0.00000000       -0.00000000       -0.00000000       -0.00000000        0.00000000        0.00000000        0.00000000 
       -0.00000000       -0.00000000       -0.00000000       -0.00000000        0.00000000        0.00000000        0.00000000 
       -0.00000000       -0.00000000       -0.00000000       -0.00000000        0.00000000        0.00000000        0.00000000 
       -0.00000000       -0.00000000       -0.00000000       -0.00000000        0.00000000        0.00000000        0.00000000 
       -0.00000000       -0.00000000       -0.00000000       -0.00000000        0.00000000        0.00000000        0.00000000 
       -0.00000000       -0.00000000       -0.00000000       -0.00000000        0.00000000        0.00000000        0.00000000 
       -0.00000000       -0.00000000       -0.00000000       -0.00000000        0.00000000        0.00000000        0.00000000 
       -0.00000000       -0.00000000       -0.00000000       -0.00000000        0.00000000        0.00000000        0.00000000 
       -0.00000000       -0.00000000       -0.00000000       -0.00000000        0.00000000        0.00000000        0.00000000 
       -0.00000000       -0.00000000       -0.00000000       -0.00000000        0.00000000        0.00000000        0.00000000 
       -0.00000000       -0.00000000       -0.00000000       -0.00000000        0.00000000        0.00000000        0.00000000 
       -0.00000000       -0.00000000       -0.00000000       -0.00000000        0.00000000        0.00000000        0.00000000 
       -0.00000000       -0.00000000       -0.00000000       -0.00000000        0.00000000        0.00000000        0.00000000 
       -0.00000000       -0.00000000       -0.00000000       -0.00000000        0.00000000        0.00000000        0.00000000 
       -0.00000000       -0.00000000       -0.00000000       -0.00000000        0.00000000        0.00000000        0.00000000 
       -0.00000000       -0.00000000       -0.00000000       -0.00000000        0.00000000        0.00000000        0.00000000 
       -0.00000000       -0.00000000       -0.00000000       -0.00000000        0.00000000        0.00000000        0.00000000 
       -0.00000000       -0.00000000       -0.00000000       -0.00000000        0.00000000        0.00000000        0.00000000 
       -0.00000000       -0.00000000       -0.00000000       -0.00000000        0.00000000        0.00000000        0.00000000 
       -0.00000000       -0.00000000       -0.00000000       -0.00000000        0.00000000        0.00000000        0.00000000 
       -0.00000000       -0.00000000       -0.00000000       -0.00000000        0.00000000        0.00000000        0.00000000 
       -0.00000000       -0.00000000       -0.00000000       -0.00000000        0.00000000        0.00000000        0.00000000 
       -0.00000000       -0.00000000       -0.00000000        0.00000000        0.00000000        0.00000000        0.00000000 
       -0.00000000       -0.00000000       -0.00000000        0.00000000        0.00000000        0.00000000        0.00000000 
       -0.00000000       -0.00000000       -0.00000000        0.00000000        0.00000000        0.00000000        0.00000000 
       -0.00000000       -0.00000000       -0.00000000        0.00000000        0.00000000        0.00000000        0.00000000 
       -0.00000000       -0.00000000       -0.00000000        0.00000000        0.00000000        0.00000000        0.00000000 
       -0.00000000       -0.00000000       -0.00000000        0.00000000        0.00000000        0.00000000        0.00000000 
       -0.00000000       -0.00000000        0.00000000        0.00000000        0.00000000        0.00000000        0.00000000 
       -0.00000000       -0.00000000        0.00000000        0.00000000        0.00000000        0.00000000        0.00000000 
       -0.00000000       -0.00000000        0.00000000        0.00000000        0.00000000        0.00000000        0.00000000 
       -0.00000000       -0.00000000        0.00000000        0.00000000        0.00000000        0.00000000        0.00000000 
        0.00000000       -0.00000000        0.00000000        0.00000000        0.00000000        0.00000000        0.00000000 
        0.00000000       -0.00000000        0.00000000        0.00000000        0.00000000        0.00000000        0.00000000 
        0.00000000       -0.00000000        0.00000000        0.00000000        0.00000000        0.00000000        0.00000000 
        0.00000000        0.00000000        0.00000000        0.00000000        0.00000000        0.00000000        0.00000000 
        0.00000000        0.00000000        0.00000000        0.00000000        0.00000000        0.00000000        0.00000000 
        0.00000000        0.00000000        0.00000000        0.00000000        0.00000000        0.00000000        0.00000000 
        0.00000000        0.00000000        0.00000000        0.00000000        0.00000000        0.00000000        0.00000000 
        0.00000000        0.00000000        0.00000000        0.00000000        0.00000000        0.00000000        0.00000000 
        0.00000000        0.00000000        0.00000000        0.00000000        0.00000000        0.00000000        0.00000000 
        0.00000000        0.00000000        0.00000000        0.00000000        0.00000000        0.00000000        0.00000000 
        0.00000000        0.00000000        0.00000000        0.00000000        0.00000000        0.00000000        0.00000000 
        0.00000000        0.00000000        0.00000000        0.00000000        0.00000000        0.00000000        0.00000000 
        0.00000000        0.00000000        0.00000000        0.00000000        0.00000000        0.00000000        0.00000000 
        0.00000000        0.00000000        0.00000000        0.00000000        0.00000000        0.00000000        0.00000000 
        0.00000000        0.00000000        0.00000000        0.00000000        0.00000000        0.00000000        0.00000000 
        0.00000000        0.00000000        0.00000000        0.00000000        0.00000000        0.00000000        0.00000000 
        0.00000000        0.00000000        0.00000000        0.00000000        0.00000000        0.00000000        0.00000000 
        0.00000000        0.00000000        0.00000000        0.00000000        0.00000000        0.00000000        0.00000000 
        0.00000000        0.00000000        0.00000000        0.00000000        0.00000000        0.00000000        0.00000000 
        0.00000000        0.00000000        0.00000000        0.00000000        0.00000000        0.00000000        0.00000000 
        0.00000000        0.00000000        0.00000000        0.00000000        0.00000000        0.00000000        0.00000000 
        0.00000000        0.00000000        0.00000000        0.00000000        0.00000000        0.00000000        0.00000000 
        0.00000000        0.00000000        0.00000000        0.00000000        0.00000000        0.00000000        0.00000000 
        0.00000000        0.00000000        0.00000000        0.00000000        0.00000000        0.00000000        0.00000000 
        0.00000000        0.00000000        0.00000000        0.00000000        0.00000000        0.00000000        0.00000000 
        0.00000000        0.00000000        0.00000000        0.00000000        0.00000000        0.00000000        0.00000000 
        0.00000000        0.00000000        0.00000000        0.00000000        0.00000000        0.00000000        0.00000000 
        0.00000000        0.00000000        0.00000000        0.00000000        0.00000000        0.00000000        0.00000000 
        0.00000000        0.00000000        0.00000000        0.00000000        0.00000000        0.00000000        0.00000000 
        0.00000000        0.00000000        0.00000000        0.00000000        0.00000000        0.00000000        0.00000000 
        0.00000000        0.00000000        0.00000000        0.00000000        0.00000000        0.00000000        0.00000000 
        0.00000000        0.00000000        0.00000000        0.00000000        0.00000000        0.00000000        0.00000000 
        0.00000000        0.00000000        0.00000000        0.00000000        0.00000000        0.00000000        0.00000000 
        0.00000000        0.00000000        0.00000000        0.00000000        0.00000000        0.00000000        0.00000000 
        0.00000000        0.00000000        0.00000000        0.00000000        0.00000000        0.00000000        0.00000000 
        0.00000000        0.00000000        0.00000000        0.00000000        0.00000000        0.00000000        0.00000000 
        0.00000000        0.00000000        0.00000000        0.00000000        0.00000000        0.00000000        0.00000000 
        0.00000000        0.00000000        0.00000000        0.00000000        0.00000000        0.00000000        0.00000000 
        0.00000000        0.00000000        0.00000000        0.00000000        0.00000000        0.00000000        0.00000000 
        0.00000000        0.00000000        0.00000000        0.00000000        0.00000000        0.00000000        0.00000000 
        0.00000000        0.00000000        0.00000000        0.00000000        0.00000000        0.00000000        0.00000000 
        0.00000000        0.00000000        0.00000000        0.00000000        0.00000000        0.00000000        0.00000000 
        0.00000000        0.00000000        0.00000000        0.00000000        0.00000000        0.00000000        0.00000000 
        0.00000000        0.00000000        0.00000000        0.00000000        0.00000000        0.00000000        0.00000000 
        0.00000000        0.00000000        0.00000000        0.00000000        0.00000001        0.00000001        0.00000000 
        0.00000000        0.00000000        0.00000000        0.00000000        0.00000001        0.00000001        0.00000000 
        0.00000000        0.00000000        0.00000000        0.00000000        0.00000001        0.00000001        0.00000000 
        0.00000000        0.00000000        0.00000000        0.00000000        0.00000002        0.00000002        0.00000000 
        0.00000000        0.00000000        0.00000000        0.00000000        0.00000003        0.00000003        0.00000001 
        0.00000000        0.00000000        0.00000000        0.00000000        0.00000004        0.00000005        0.00000001 
        0.00000000        0.00000000        0.00000000        0.00000000        0.00000007        0.00000008        0.00000002 
        0.00000000        0.00000000        0.00000000        0.00000001        0.00000010        0.00000012        0.00000003 
        0.00000000        0.00000000        0.00000000        0.00000001        0.00000015        0.00000017        0.00000004 
        0.00000000        0.00000000        0.00000000        0.00000001        0.00000022        0.00000026        0.00000006 
        0.00000000        0.00000000        0.00000001        0.00000002        0.00000032        0.00000038        0.00000008 
        0.00000000        0.00000000        0.00000001        0.00000003        0.00000046        0.00000055        0.00000012 
        0.00000000        0.00000000        0.00000001        0.00000005        0.00000067        0.00000080        0.00000018 
        0.00000000        0.00000001        0.00000002        0.00000007        0.00000096        0.00000115        0.00000026 
        0.00000000        0.00000001        0.00000003        0.00000011        0.00000138        0.00000165        0.00000037 
        0.00000000        0.00000002        0.00000005        0.00000016        0.00000197        0.00000235        0.00000054 
        0.00000001        0.00000003        0.00000007        0.00000023        0.00000279        0.00000333        0.00000077 
        0.00000001        0.00000004        0.00000011        0.00000034        0.00000394        0.00000469        0.00000109 
        0.00000001        0.00000006        0.00000016        0.00000049        0.00000551        0.00000656        0.00000153 
        0.00000002        0.00000008        0.00000024        0.00000071        0.00000767        0.00000913        0.00000215 
        0.00000003        0.00000012        0.00000034        0.00000103        0.00001062        0.00001263        0.00000299 
        0.00000005        0.00000018        0.00000050        0.00000147        0.00001462        0.00001737        0.00000415 
        0.00000007        0.00000026        0.00000071        0.00000209        0.00002000        0.00002375        0.00000571 
        0.00000010        0.00000038        0.00000102        0.00000295        0.00002721        0.00003228        0.00000782 
        0.00000014        0.00000054        0.00000145        0.00000415        0.00003680        0.00004361        0.00001064 
        0.00000020        0.00000078        0.00000205        0.00000579        0.00004949        0.00005859        0.00001439 
        0.00000029        0.00000110        0.00000288        0.00000805        0.00006617        0.00007824        0.00001935 
        0.00000041        0.00000155        0.00000402        0.00001111        0.00008797        0.00010387        0.00002586 
        0.00000058        0.00000218        0.00000558        0.00001524        0.00011627        0.00013710        0.00003437 
        0.00000081        0.00000303        0.00000770        0.00002079        0.00015281        0.00017990        0.00004540 
        0.00000113        0.00000420        0.00001056        0.00002821        0.00019968        0.00023469        0.00005963 
        0.00000156        0.00000578        0.00001441        0.00003804        0.00025945        0.00030439        0.00007785 
        0.00000215        0.00000791        0.00001953        0.00005100        0.00033520        0.00039249        0.00010105 
        0.00000294        0.00001075        0.00002632        0.00006798        0.00043062        0.00050317        0.00013039 
        0.00000399        0.00001454        0.00003527        0.00009009        0.00055009        0.00064133        0.00016727 
        0.00000539        0.00001954        0.00004699        0.00011872        0.00069876        0.00081271        0.00021334 
        0.00000724        0.00002611        0.00006224        0.00015553        0.00088263        0.00102396        0.00027051 
        0.00000966        0.00003469        0.00008196        0.00020260        0.00110867        0.00128272        0.00034102 
        0.00001282        0.00004582        0.00010731        0.00026241        0.00138485        0.00159766        0.00042741 
        0.00001691        0.00006016        0.00013970        0.00033794        0.00172025        0.00197854        0.00053260 
        0.00002218        0.00007853        0.00018082        0.00043273        0.00212506        0.00243626        0.00065985 
        0.00002892        0.00010191        0.00023270        0.00055098        0.00261069        0.00298281        0.00081282 
        0.00003748        0.00013149        0.00029777        0.00069757        0.00318972        0.00363127        0.00099550 
        0.00004830        0.00016868        0.00037886        0.00087818        0.00387589        0.00439570        0.00121228 
        0.00006188        0.00021514        0.00047931        0.00109934        0.00468405        0.00529106        0.00146786 
        0.00007882        0.00027282        0.00060296        0.00136849        0.00563007        0.00633302        0.00176722 
        0.00009981        0.00034398        0.00075425        0.00169400        0.00673067        0.00753772        0.00211558 
        0.00012568        0.00043122        0.00093819        0.00208527        0.00800326        0.00892153        0.00251833 
        0.00015732        0.00053751        0.00116046        0.00255264        0.00946563        0.01050071        0.00298089 
        0.00019580        0.00066618        0.00142737        0.00310746        0.01113572        0.01229100        0.00350866 
        0.00024230        0.00082098        0.00174592        0.00376199        0.01303125        0.01430720        0.00410682 
        0.00029813        0.00100603        0.00212371        0.00452934        0.01516925        0.01656276        0.00478026 
        0.00036473        0.00122584        0.00256900        0.00542330        0.01756570        0.01906920        0.00553335 
        0.00044369        0.00148530        0.00309052        0.00645824        0.02023502        0.02183560        0.00636983 
        0.00053669        0.00178960        0.00369754        0.00764883        0.02318955        0.02486818        0.00729259 
        0.00064550        0.00214421        0.00439961        0.00900979        0.02643902        0.02816968        0.00830354 
        0.00077203        0.00255481        0.00520651        0.01055560        0.02999006        0.03173894        0.00940339 
        0.00091814        0.00302715        0.00612803        0.01230017        0.03384566        0.03557055        0.01059157 
        0.00108588        0.00356710        0.00717370        0.01425628        0.03800477        0.03965438        0.01186603 
        0.00127705        0.00418020        0.00835271        0.01643543        0.04246176        0.04397552        0.01322315 
        0.00149356        0.00487189        0.00967345        0.01884712        0.04720627        0.04851390        0.01465766 
        0.00173711        0.00564704        0.01114338        0.02149861        0.05222271        0.05324452        0.01616262 
        0.00200933        0.00651009        0.01276876        0.02439430        0.05749030        0.05813745        0.01772945 
        0.00231147        0.00746452        0.01455411        0.02753539        0.06298295        0.06315810        0.01934789 
        0.00264461        0.00851299        0.01650215        0.03091933        0.06866933        0.06826760        0.02100614 
        0.00300927        0.00965675        0.01861347        0.03453982        0.07451319        0.07342335        0.02269105 
        0.00340577        0.01089595        0.02088606        0.03838597        0.08047350        0.07857983        0.02438823 
        0.00383383        0.01222923        0.02331553        0.04244274        0.08650520        0.08368910        0.02608235 
        0.00429259        0.01365349        0.02589440        0.04669023        0.09255961        0.08870181        0.02775730 
        0.00478096        0.01516436        0.02861252        0.05110414        0.09858516        0.09356824        0.02939674 
        0.00529680        0.01675519        0.03145647        0.05565566        0.10452841        0.09823908        0.03098398 
        0.00583757        0.01841755        0.03440988        0.06031176        0.11033452        0.10266646        0.03250279 
        0.00640017        0.02014166        0.03745365        0.06503575        0.11594884        0.10680509        0.03393738 
        0.00698074        0.02191545        0.04056582        0.06978743        0.12131709        0.11061278        0.03527288 
        0.00757521        0.02372606        0.04372203        0.07452387        0.12638707        0.11405171        0.03649564 
        0.00817861        0.02555850        0.04689582        0.07920039        0.13110921        0.11708887        0.03759328 
        0.00878574        0.02739684        0.05005890        0.08377087        0.13543780        0.11969680        0.03855548 
        0.00939106        0.02922443        0.05318202        0.08818901        0.13933112        0.12185395        0.03937346 
        0.00998884        0.03102390        0.05623496        0.09240894        0.14275330        0.12354518        0.04004061 
        0.01057281        0.03277698        0.05918719        0.09638621        0.14567363        0.12476148        0.04055245 
        0.01113736        0.03446658        0.06200913        0.10007875        0.14806840        0.12550057        0.04090659 
        0.01167662        0.03607552        0.06467201        0.10344784        0.14992017        0.12576658        0.04110299 
        0.01218456        0.03758660        0.06714833        0.10645871        0.15121871        0.12556873        0.04114333 
        0.01265629        0.03898515        0.06941329        0.10908081        0.15196052        0.12492283        0.04103149 
        0.01308669        0.04025654        0.07144397        0.11128941        0.15214887        0.12384897        0.04077315 
        0.01347174        0.04138894        0.07322140        0.11306530        0.15179378        0.12237228        0.04037553 
        0.01380777        0.04237215        0.07472950        0.11439508        0.15091164        0.12052089        0.03984743 
        0.01409169        0.04319748        0.07595602        0.11527187        0.14952433        0.11832646        0.03919863 
        0.01432134        0.04385906        0.07689251        0.11569473        0.14765921        0.11582261        0.03843972 
        0.01449571        0.04435357        0.07753456        0.11566862        0.14534780        0.11304462        0.03758235 
        0.01461384        0.04467951        0.07788189        0.11520465        0.14262533        0.11002854        0.03663842 
        0.01467626        0.04483785        0.07793790        0.11431958        0.13953078        0.10681097        0.03561998 
        0.01468398        0.04483187        0.07770944        0.11303397        0.13610446        0.10342756        0.03453918 
        0.01463863        0.04466686        0.07720722        0.11137372        0.13238871        0.09991334        0.03340784 
        0.01454280        0.04435027        0.07644524        0.10936803        0.12842607        0.09630166        0.03223744 
        0.01439941        0.04389060        0.07543895        0.10704902        0.12426007        0.09262431        0.03103895 
        0.01421179        0.04329814        0.07420753        0.10445052        0.11993194        0.08891074        0.02982279 
        0.01398403        0.04258431        0.07277112        0.10160872        0.11548325        0.08518822        0.02859840 
        0.01372004        0.04176098        0.07115112        0.09855983        0.11095282        0.08148131        0.02737464 
        0.01342419        0.04084088        0.06937045        0.09534013        0.10637757        0.07781225        0.02615923 
        0.01310096        0.03983702        0.06745192        0.09198587        0.10179137        0.07420015        0.02495921 
        0.01275474        0.03876247        0.06541842        0.08853121        0.09722555        0.07066190        0.02378072 
        0.01239002        0.03763001        0.06329232        0.08500952        0.09270823        0.06721196        0.02262902 
        0.01201076        0.03645201        0.06109570        0.08145168        0.08826485        0.06386170        0.02150836 
        0.01162083        0.03523983        0.05884899        0.07788603        0.08391654        0.06062099        0.02042238 
        0.01122432        0.03400509        0.05657195        0.07433894        0.07968195        0.05749670        0.01937389 
        0.01082383        0.03275703        0.05428211        0.07083301        0.07557623        0.05449456        0.01836503 
        0.01042337        0.03150615        0.05199635        0.06738876        0.07161182        0.05161799        0.01739722 
        0.01002465        0.03025940        0.04972874        0.06402373        0.06779805        0.04886881        0.01647133 
        0.00963061        0.02902490        0.04749249        0.06075209        0.06414157        0.04624775        0.01558786 
        0.00924278        0.02780838        0.04529864        0.05758584        0.06064704        0.04375409        0.01474671 
        0.00886308        0.02661529        0.04315636        0.05453414        0.05731630        0.04138611        0.01394758 
        0.00849260        0.02545004        0.04107365        0.05160378        0.05414985        0.03914104        0.01318951 
        0.00813219        0.02431595        0.03905660        0.04879953        0.05114639        0.03701590        0.01247165 
        0.00778295        0.02321592        0.03710979        0.04612398        0.04830298        0.03500669        0.01179280 
        0.00744497        0.02215147        0.03523663        0.04357812        0.04561573        0.03310905        0.01115154 
        0.00711884        0.02112463        0.03343952        0.04116139        0.04307985        0.03131849        0.01054633 
        0.00680440        0.02013583        0.03171980        0.03887218        0.04068989        0.02963008        0.00997564 
        0.00650202        0.01918565        0.03007740        0.03670743        0.03843944        0.02803880        0.00943778 
        0.00621105        0.01827353        0.02851191        0.03466365        0.03632224        0.02653997        0.00893122 
        0.00593155        0.01739968        0.02702233        0.03273633        0.03433144        0.02512835        0.00845413 
        0.00566324        0.01656303        0.02560675        0.03092083        0.03246038        0.02379900        0.00800490 
        0.00540573        0.01576307        0.02426341        0.02921210        0.03070210        0.02254735        0.00758201 
        0.00515867        0.01499857        0.02298954        0.02760465        0.02905017        0.02136871        0.00718386 
        0.00492159        0.01426844        0.02178288        0.02609332        0.02749799        0.02025874        0.00680901 
        0.00469429        0.01357159        0.02064036        0.02467240        0.02603918        0.01921289        0.00645587 
        0.00447650        0.01290709        0.01955931        0.02333704        0.02466813        0.01822762        0.00612327 
        0.00426758        0.01227333        0.01853681        0.02208158        0.02337855        0.01729862        0.00580974 
        0.00406727        0.01166910        0.01756974        0.02090122        0.02216540        0.01642278        0.00551420 
        0.00387538        0.01109333        0.01665543        0.01979128        0.02102365        0.01559642        0.00523545 
        0.00369144        0.01054476        0.01579088        0.01874711        0.01994847        0.01481660        0.00497247 
        0.00351538        0.01002237        0.01497364        0.01776448        0.01893534        0.01408009        0.00472417 
        0.00334676        0.00952493        0.01420090        0.01683925        0.01798022        0.01338440        0.00448967 
        0.00318534        0.00905120        0.01347017        0.01596762        0.01707929        0.01272696        0.00426814 
        0.00303113        0.00860052        0.01277900        0.01514624        0.01622894        0.01210534        0.00405873 
        0.00288354        0.00817159        0.01212528        0.01437162        0.01542588        0.01151721        0.00386065 
        0.00274240        0.00776336        0.01150675        0.01364081        0.01466708        0.01096059        0.00367325 
        0.00260769        0.00737521        0.01092142        0.01295079        0.01394959        0.01043368        0.00349588 
        0.00247905        0.00700606        0.01036748        0.01229922        0.01327095        0.00993447        0.00332787 
        0.00235633        0.00665504        0.00984297        0.01168344        0.01262874        0.00946148        0.00316874 
        0.00223927        0.00632130        0.00934623        0.01110120        0.01202052        0.00901310        0.00301793 
        0.00212779        0.00600430        0.00887579        0.01055045        0.01144443        0.00858785        0.00287493 
        0.00202155        0.00570294        0.00843000        0.01002914        0.01089836        0.00818442        0.00273927 
        0.00192035        0.00541662        0.00800766        0.00953560        0.01038060        0.00780162        0.00261064 
        0.00182403        0.00514460        0.00760726        0.00906809        0.00988948        0.00743817        0.00248849 
        0.00173247        0.00488630        0.00722767        0.00862509        0.00942346        0.00709303        0.00237256 
        0.00164534        0.00464098        0.00686778        0.00820515        0.00898115        0.00676517        0.00226239 
        0.00156252        0.00440796        0.00652645        0.00780684        0.00856102        0.00645363        0.00215778 
        0.00148382        0.00418677        0.00620262        0.00742900        0.00816198        0.00615747        0.00205836 
        0.00140898        0.00397670        0.00589538        0.00707047        0.00778285        0.00587595        0.00196385 
        0.00133805        0.00377738        0.00560390        0.00673013        0.00742243        0.00560819        0.00187400 
        0.00127056        0.00358808        0.00532725        0.00640699        0.00707983        0.00535346        0.00178854 
        0.00120647        0.00340831        0.00506467        0.00610013        0.00675397        0.00511108        0.00170723 
        0.00114569        0.00323779        0.00481538        0.00580859        0.00644403        0.00488035        0.00162984 
        0.00108798        0.00307591        0.00457873        0.00553152        0.00614902        0.00466082        0.00155621 
        0.00103319        0.00292220        0.00435401        0.00526826        0.00586841        0.00445165        0.00148609 
        0.00098119        0.00277632        0.00414065        0.00501800        0.00560118        0.00425248        0.00141935 
        0.00093182        0.00263785        0.00393800        0.00478009        0.00534678        0.00406276        0.00135579 
        0.00088498        0.00250641        0.00374549        0.00455385        0.00510456        0.00388205        0.00129524 
        0.00084054        0.00238159        0.00356261        0.00433876        0.00487381        0.00370978        0.00123753 
        0.00079830        0.00226309        0.00338896        0.00413414        0.00465403        0.00354557        0.00118254 
        0.00075826        0.00215065        0.00322396        0.00393950        0.00444460        0.00338903        0.00113012 
        0.00072024        0.00204385        0.00306718        0.00375436        0.00424506        0.00323977        0.00108016 
        0.00068416        0.00194246        0.00291818        0.00357817        0.00405485        0.00309742        0.00103252 
        0.00064992        0.00184616        0.00277659        0.00341053        0.00387353        0.00296167        0.00098708 
        0.00061743        0.00175479        0.00264207        0.00325099        0.00370073        0.00283214        0.00094376 
        0.00058653        0.00166793        0.00251418        0.00309914        0.00353593        0.00270855        0.00090242 
        0.00055724        0.00158548        0.00239263        0.00295464        0.00337879        0.00259062        0.00086297 
        0.00052943        0.00150720        0.00227710        0.00281703        0.00322890        0.00247806        0.00082534 
        0.00050304        0.00143285        0.00216728        0.00268604        0.00308594        0.00237061        0.00078942 
        0.00047792        0.00136214        0.00206284        0.00256133        0.00294957        0.00226804        0.00075512 
        0.00045414        0.00129506        0.00196356        0.00244260        0.00281948        0.00217011        0.00072241 
        0.00043153        0.00123131        0.00186917        0.00232953        0.00269532        0.00207657        0.00069116 
        0.00041007        0.00117077        0.00177944        0.00222186        0.00257687        0.00198725        0.00066132 
        0.00038969        0.00111327        0.00169410        0.00211931        0.00246381        0.00190189        0.00063280 
        0.00037034        0.00105861        0.00161293        0.00202161        0.00235590        0.00182037        0.00060559 
        0.00035197        0.00100669        0.00153576        0.00192860        0.00225290        0.00174250        0.00057958 
        0.00033452        0.00095736        0.00146231        0.00183994        0.00215454        0.00166804        0.00055473 
        0.00031792        0.00091048        0.00139250        0.00175551        0.00206064        0.00159692        0.00053099 
        0.00030220        0.00086595        0.00132610        0.00167507        0.00197099        0.00152891        0.00050830 
        0.00028721        0.00082359        0.00126290        0.00159838        0.00188533        0.00146393        0.00048662 
        0.00027301        0.00078337        0.00120281        0.00152536        0.00180359        0.00140180        0.00046590 
        0.00025953        0.00074514        0.00114562        0.00145575        0.00172545        0.00134238        0.00044608 
        0.00024671        0.00070880        0.00109121        0.00138942        0.00165084        0.00128558        0.00042714 
        0.00023454        0.00067428        0.00103944        0.00132617        0.00157956        0.00123125        0.00040904 
        0.00022297        0.00064144        0.00099018        0.00126590        0.00151144        0.00117929        0.00039171 
        0.00021198        0.00061025        0.00094331        0.00120845        0.00144636        0.00112957        0.00037514 
        0.00020154        0.00058060        0.00089873        0.00115370        0.00138416        0.00108200        0.00035929 
        0.00019162        0.00055239        0.00085626        0.00110145        0.00132469        0.00103652        0.00034413 
        0.00018220        0.00052559        0.00081587        0.00105167        0.00126787        0.00099298        0.00032963 
        0.00017325        0.00050014        0.00077743        0.00100417        0.00121354        0.00095132        0.00031575 
        0.00016474        0.00047591        0.00074085        0.00095891        0.00116163        0.00091146        0.00030249 
        0.00015667        0.00045290        0.00070601        0.00091572        0.00111198        0.00087329        0.00028977 
        0.00014899        0.00043102        0.00067285        0.00087452        0.00106450        0.00083677        0.00027762 
        0.00014169        0.00041018        0.00064127        0.00083524        0.00101910        0.00080180        0.00026598 
        0.00013476        0.00039041        0.00061123        0.00079777        0.00097569        0.00076834        0.00025484 
        0.00012817        0.00037159        0.00058261        0.00076201        0.00093416        0.00073629        0.00024418 
        0.00012191        0.00035371        0.00055538        0.00072791        0.00089446        0.00070558        0.00023396 
        0.00011596        0.00033668        0.00052943        0.00069535        0.00085645        0.00067621        0.00022419 
        0.00011030        0.00032050        0.00050473        0.00066430        0.00082011        0.00064806        0.00021483 
        0.00010493        0.00030512        0.00048121        0.00063466        0.00078534        0.00062112        0.00020587 
        0.00009983        0.00029048        0.00045880        0.00060639        0.00075207        0.00059530        0.00019729 
        0.00009496        0.00027655        0.00043746        0.00057938        0.00072024        0.00057058        0.00018907 
        0.00009035        0.00026330        0.00041713        0.00055362        0.00068978        0.00054690        0.00018120 
        0.00008597        0.00025073        0.00039778        0.00052902        0.00066063        0.00052421        0.00017366 
        0.00008179        0.00023873        0.00037933        0.00050555        0.00063273        0.00050248        0.00016644 
        0.00007782        0.00022734        0.00036177        0.00048314        0.00060603        0.00048166        0.00015952 
        0.00007405        0.00021649        0.00034504        0.00046174        0.00058048        0.00046171        0.00015289 
        0.00007048        0.00020618        0.00032908        0.00044131        0.00055602        0.00044260        0.00014654 
        0.00006707        0.00019637        0.00031389        0.00042180        0.00053260        0.00042428        0.00014046 
        0.00006382        0.00018702        0.00029942        0.00040317        0.00051019        0.00040674        0.00013464 
        0.00006075        0.00017814        0.00028562        0.00038537        0.00048873        0.00038992        0.00012905 
        0.00005781        0.00016968        0.00027247        0.00036838        0.00046818        0.00037380        0.00012371 
        0.00005503        0.00016163        0.00025994        0.00035215        0.00044851        0.00035836        0.00011858 
        0.00005239        0.00015398        0.00024800        0.00033666        0.00042967        0.00034356        0.00011366 
        0.00004986        0.00014669        0.00023662        0.00032185        0.00041164        0.00032937        0.00010896 
        0.00004747        0.00013976        0.00022577        0.00030770        0.00039436        0.00031577        0.00010445 
        0.00004520        0.00013316        0.00021542        0.00029420        0.00037783        0.00030274        0.00010012 
        0.00004302        0.00012687        0.00020556        0.00028129        0.00036199        0.00029025        0.00009598 
        0.00004096        0.00012089        0.00019617        0.00026895        0.00034682        0.00027827        0.00009201 
        0.00003900        0.00011519        0.00018720        0.00025717        0.00033229        0.00026679        0.00008820 
        0.00003714        0.00010977        0.00017866        0.00024591        0.00031838        0.00025579        0.00008455 
        0.00003537        0.00010462        0.00017051        0.00023515        0.00030505        0.00024524        0.00008106 
        0.00003368        0.00009970        0.00016274        0.00022487        0.00029229        0.00023513        0.00007770 
        0.00003207        0.00009502        0.00015534        0.00021505        0.00028006        0.00022543        0.00007449 
        0.00003054        0.00009056        0.00014827        0.00020566        0.00026835        0.00021613        0.00007141 
        0.00002909        0.00008632        0.00014153        0.00019668        0.00025713        0.00020723        0.00006846 
        0.00002771        0.00008228        0.00013510        0.00018811        0.00024638        0.00019868        0.00006563 
        0.00002639        0.00007843        0.00012898        0.00017991        0.00023608        0.00019049        0.00006292 
        0.00002514        0.00007477        0.00012313        0.00017208        0.00022622        0.00018264        0.00006031 
        0.00002394        0.00007128        0.00011755        0.00016459        0.00021677        0.00017511        0.00005782 
        0.00002281        0.00006796        0.00011223        0.00015743        0.00020772        0.00016789        0.00005543 
        0.00002173        0.00006479        0.00010715        0.00015058        0.00019905        0.00016097        0.00005314 
        0.00002070        0.00006177        0.00010232        0.00014404        0.00019073        0.00015433        0.00005094 
        0.00001972        0.00005890        0.00009769        0.00013778        0.00018277        0.00014796        0.00004883 
        0.00001879        0.00005616        0.00009329        0.00013180        0.00017514        0.00014186        0.00004681 
        0.00001790        0.00005355        0.00008908        0.00012608        0.00016783        0.00013600        0.00004487 
        0.00001706        0.00005107        0.00008507        0.00012062        0.00016083        0.00013039        0.00004302 
        0.00001626        0.00004870        0.00008124        0.00011539        0.00015412        0.00012501        0.00004124 
        0.00001549        0.00004644        0.00007758        0.00011039        0.00014769        0.00011985        0.00003953 
        0.00001477        0.00004430        0.00007409        0.00010561        0.00014152        0.00011491        0.00003789 
        0.00001407        0.00004224        0.00007076        0.00010103        0.00013561        0.00011016        0.00003633 
        0.00001341        0.00004029        0.00006759        0.00009666        0.00012995        0.00010561        0.00003482 
        0.00001278        0.00003843        0.00006455        0.00009248        0.00012453        0.00010125        0.00003338 
        0.00001218        0.00003666        0.00006166        0.00008848        0.00011933        0.00009706        0.00003199 
        0.00001161        0.00003497        0.00005889        0.00008466        0.00011435        0.00009305        0.00003067 
        0.00001107        0.00003336        0.00005626        0.00008100        0.00010958        0.00008920        0.00002940 
        0.00001055        0.00003182        0.00005374        0.00007750        0.00010500        0.00008551        0.00002818 
        0.00001006        0.00003036        0.00005133        0.00007415        0.00010062        0.00008197        0.00002701 
        0.00000959        0.00002896        0.00004904        0.00007095        0.00009642        0.00007858        0.00002588 
        0.00000914        0.00002763        0.00004685        0.00006789        0.00009239        0.00007532        0.00002481 
        0.00000871        0.00002636        0.00004475        0.00006496        0.00008853        0.00007220        0.00002378 
        0.00000831        0.00002515        0.00004275        0.00006215        0.00008483        0.00006921        0.00002279 
        0.00000792        0.00002400        0.00004085        0.00005947        0.00008129        0.00006634        0.00002184 
        0.00000755        0.00002290        0.00003902        0.00005690        0.00007789        0.00006359        0.00002093 
        0.00000720        0.00002185        0.00003728        0.00005445        0.00007463        0.00006095        0.00002006 
        0.00000687        0.00002085        0.00003562        0.00005210        0.00007151        0.00005842        0.00001923 
        0.00000655        0.00001989        0.00003403        0.00004985        0.00006852        0.00005599        0.00001843 
        0.00000624        0.00001898        0.00003252        0.00004770        0.00006565        0.00005366        0.00001766 
        0.00000595        0.00001811        0.00003107        0.00004565        0.00006290        0.00005143        0.00001692 
        0.00000568        0.00001729        0.00002969        0.00004368        0.00006027        0.00004929        0.00001621 
        0.00000542        0.00001650        0.00002837        0.00004179        0.00005774        0.00004724        0.00001554 
        0.00000517        0.00001575        0.00002710        0.00003999        0.00005532        0.00004527        0.00001489 
        0.00000493        0.00001503        0.00002590        0.00003827        0.00005301        0.00004339        0.00001427 
        0.00000470        0.00001434        0.00002475        0.00003662        0.00005078        0.00004158        0.00001367 
        0.00000448        0.00001368        0.00002364        0.00003504        0.00004865        0.00003984        0.00001310 
        0.00000427        0.00001306        0.00002260        0.00003353        0.00004661        0.00003818        0.00001255 
        0.00000408        0.00001247        0.00002159        0.00003208        0.00004465        0.00003658        0.00001202 
        0.00000389        0.00001190        0.00002063        0.00003070        0.00004278        0.00003505        0.00001152 
        0.00000371        0.00001136        0.00001972        0.00002937        0.00004098        0.00003359        0.00001103 
        0.00000354        0.00001084        0.00001884        0.00002810        0.00003926        0.00003218        0.00001057 
        0.00000337        0.00001035        0.00001800        0.00002689        0.00003760        0.00003083        0.00001013 
        0.00000322        0.00000988        0.00001720        0.00002573        0.00003602        0.00002954        0.00000970 
        0.00000307        0.00000943        0.00001644        0.00002462        0.00003450        0.00002830        0.00000929 
        0.00000293        0.00000900        0.00001571        0.00002356        0.00003305        0.00002711        0.00000890 
        0.00000279        0.00000859        0.00001501        0.00002254        0.00003166        0.00002597        0.00000853 
        0.00000266        0.00000820        0.00001434        0.00002156        0.00003032        0.00002488        0.00000817 
        0.00000254        0.00000782        0.00001370        0.00002063        0.00002904        0.00002384        0.00000782 
        0.00000242        0.00000747        0.00001310        0.00001974        0.00002781        0.00002283        0.00000749 
        0.00000231        0.00000713        0.00001251        0.00001888        0.00002664        0.00002187        0.00000717 
        0.00000221        0.00000680        0.00001196        0.00001807        0.00002551        0.00002095        0.00000687 
        0.00000210        0.00000649        0.00001143        0.00001728        0.00002443        0.00002006        0.00000658 
        0.00000201        0.00000620        0.00001092        0.00001654        0.00002340        0.00001921        0.00000630 
        0.00000191        0.00000592        0.00001043        0.00001582        0.00002240        0.00001840        0.00000603 
        0.00000183        0.00000565        0.00000997        0.00001513        0.00002145        0.00001762        0.00000578 
        0.00000174        0.00000539        0.00000952        0.00001448        0.00002054        0.00001688        0.00000553 
        0.00000166        0.00000514        0.00000910        0.00001385        0.00001967        0.00001616        0.00000530 
        0.00000158        0.00000491        0.00000869        0.00001325        0.00001883        0.00001547        0.00000507 
        0.00000151        0.00000469        0.00000831        0.00001267        0.00001803        0.00001482        0.00000485 
        0.00000144        0.00000447        0.00000794        0.00001212        0.00001727        0.00001419        0.00000465 
        0.00000137        0.00000427        0.00000758        0.00001159        0.00001653        0.00001358        0.00000445 
        0.00000131        0.00000407        0.00000724        0.00001109        0.00001582        0.00001300        0.00000426 
        0.00000125        0.00000389        0.00000692        0.00001060        0.00001515        0.00001245        0.00000408 
        0.00000119        0.00000371        0.00000661        0.00001014        0.00001450        0.00001192        0.00000390 
        0.00000114        0.00000354        0.00000632        0.00000970        0.00001388        0.00001141        0.00000373 
        0.00000108        0.00000338        0.00000603        0.00000927        0.00001329        0.00001092        0.00000357 
        0.00000103        0.00000322        0.00000576        0.00000887        0.00001272        0.00001045        0.00000342 
        0.00000099        0.00000308        0.00000550        0.00000848        0.00001217        0.00001000        0.00000327 
        0.00000094        0.00000294        0.00000526        0.00000811        0.00001165        0.00000957        0.00000313 
        0.00000090        0.00000280        0.00000502        0.00000775        0.00001115        0.00000916        0.00000300 
        0.00000086        0.00000267        0.00000480        0.00000741        0.00001067        0.00000877        0.00000287 
        0.00000082        0.00000255        0.00000458        0.00000709        0.00001021        0.00000839        0.00000274 
        0.00000078        0.00000243        0.00000437        0.00000678        0.00000977        0.00000803        0.00000262 
        0.00000074        0.00000232        0.00000418        0.00000648        0.00000935        0.00000768        0.00000251 
        0.00000071        0.00000221        0.00000399        0.00000619        0.00000894        0.00000735        0.00000240 
        0.00000067        0.00000211        0.00000381        0.00000592        0.00000856        0.00000703        0.00000230 
        0.00000064        0.00000202        0.00000364        0.00000566        0.00000819        0.00000673        0.00000220 
        0.00000061        0.00000192        0.00000347        0.00000541        0.00000783        0.00000644        0.00000210 
        0.00000058        0.00000183        0.00000332        0.00000517        0.00000749        0.00000616        0.00000201 
        0.00000056        0.00000175        0.00000317        0.00000494        0.00000717        0.00000589        0.00000192 
        0.00000053        0.00000167        0.00000302        0.00000472        0.00000685        0.00000563        0.00000184 
        0.00000051        0.00000159        0.00000288        0.00000451        0.00000655        0.00000539        0.00000176 
        0.00000048        0.00000152        0.00000275        0.00000431        0.00000627        0.00000515        0.00000168 
        0.00000046        0.00000145        0.00000263        0.00000412        0.00000599        0.00000492        0.00000161 
        0.00000044        0.00000138        0.00000251        0.00000393        0.00000573        0.00000471        0.00000153 
        0.00000042        0.00000131        0.00000239        0.00000376        0.00000548        0.00000450        0.00000147 
        0.00000040        0.00000125        0.00000228        0.00000359        0.00000524        0.00000430        0.00000140 
        0.00000038        0.00000119        0.00000218        0.00000343        0.00000501        0.00000411        0.00000134 
        0.00000036        0.00000114        0.00000208        0.00000328        0.00000479        0.00000393        0.00000128 
        0.00000034        0.00000108        0.00000198        0.00000313        0.00000458        0.00000376        0.00000122 
        0.00000033        0.00000103        0.00000189        0.00000299        0.00000438        0.00000359        0.00000117 
        0.00000031        0.00000099        0.00000180        0.00000285        0.00000418        0.00000343        0.00000112 
        0.00000030        0.00000094        0.00000172        0.00000272        0.00000400        0.00000328        0.00000107 
        0.00000028        0.00000089        0.00000164        0.00000260        0.00000382        0.00000314        0.00000102 
        0.00000027        0.00000085        0.00000157        0.00000248        0.00000365        0.00000300        0.00000097 
        0.00000026        0.00000081        0.00000149        0.00000237        0.00000349        0.00000286        0.00000093 
        0.00000024        0.00000077        0.00000142        0.00000226        0.00000333        0.00000273        0.00000089 
        0.00000023        0.00000074        0.00000136        0.00000216        0.00000318        0.00000261        0.00000085 
        0.00000022        0.00000070        0.00000129        0.00000206        0.00000304        0.00000249        0.00000081 
        0.00000021        0.00000067        0.00000123        0.00000197        0.00000291        0.00000238        0.00000077 
        0.00000020        0.00000064        0.00000118        0.00000188        0.00000278        0.00000228        0.00000074 
        0.00000019        0.00000060        0.00000112        0.00000179        0.00000265        0.00000217        0.00000071 
        0.00000018        0.00000058        0.00000107        0.00000171        0.00000253        0.00000207        0.00000067 
        0.00000017        0.00000055        0.00000102        0.00000163        0.00000242        0.00000198        0.00000064 
        0.00000016        0.00000052        0.00000097        0.00000155        0.00000231        0.00000189        0.00000061 
        0.00000016        0.00000050        0.00000092        0.00000148        0.00000220        0.00000180        0.00000058 
        0.00000015        0.00000047        0.00000088        0.00000141        0.00000210        0.00000172        0.00000056 
        0.00000014        0.00000045        0.00000084        0.00000135        0.00000201        0.00000164        0.00000053 
        0.00000013        0.00000043        0.00000080        0.00000128        0.00000192        0.00000157        0.00000051 
        0.00000013        0.00000041        0.00000076        0.00000122        0.00000183        0.00000150        0.00000048 
        0.00000012        0.00000039        0.00000072        0.00000117        0.00000174        0.00000143        0.00000046 
        0.00000011        0.00000037        0.00000069        0.00000111        0.00000166        0.00000136        0.00000044 
        0.00000011        0.00000035        0.00000065        0.00000106        0.00000159        0.00000130        0.00000042 
        0.00000010        0.00000033        0.00000062        0.00000101        0.00000151        0.00000124        0.00000040 
        0.00000010        0.00000031        0.00000059        0.00000096        0.00000144        0.00000118        0.00000038 
        0.00000009        0.00000030        0.00000056        0.00000092        0.00000138        0.00000113        0.00000036 
        0.00000009        0.00000028        0.00000053        0.00000087        0.00000131        0.00000107        0.00000035 
        0.00000008        0.00000027        0.00000051        0.00000083        0.00000125        0.00000102        0.00000033 
        0.00000008        0.00000026        0.00000048        0.00000079        0.00000119        0.00000098        0.00000031 
        0.00000007        0.00000024        0.00000046        0.00000075        0.00000114        0.00000093        0.00000030 
        0.00000007        0.00000023        0.00000044        0.00000072        0.00000108        0.00000089        0.00000029 
        0.00000007        0.00000022        0.00000041        0.00000068        0.00000103        0.00000084        0.00000027 
        0.00000006        0.00000021        0.00000039        0.00000065        0.00000099        0.00000080        0.00000026 
        0.00000006        0.00000020        0.00000037        0.00000062        0.00000094        0.00000077        0.00000025 
        0.00000006        0.00000019        0.00000035        0.00000059        0.00000089        0.00000073        0.00000023 
        0.00000005        0.00000018        0.00000034        0.00000056        0.00000085        0.00000069        0.00000022 
        0.00000005        0.00000017        0.00000032        0.00000053        0.00000081        0.00000066        0.00000021 
        0.00000005        0.00000016        0.00000030        0.00000050        0.00000077        0.00000063        0.00000020 
        0.00000005        0.00000015        0.00000029        0.00000048        0.00000073        0.00000060        0.00000019 
        0.00000004        0.00000014        0.00000027        0.00000046        0.00000070        0.00000057        0.00000018 
        0.00000004        0.00000013        0.00000026        0.00000043        0.00000067        0.00000054        0.00000017 
        0.00000004        0.00000013        0.00000024        0.00000041        0.00000063        0.00000052        0.00000017 
        0.00000004        0.00000012        0.00000023        0.00000039        0.00000060        0.00000049        0.00000016 
        0.00000003        0.00000011        0.00000022        0.00000037        0.00000057        0.00000047        0.00000015 
        0.00000003        0.00000011        0.00000021        0.00000035        0.00000054        0.00000044        0.00000014 
        0.00000003        0.00000010        0.00000020        0.00000033        0.00000052        0.00000042        0.00000013 
        0.00000003        0.00000009        0.00000019        0.00000032        0.00000049        0.00000040        0.00000013 
        0.00000003        0.00000009        0.00000018        0.00000030        0.00000047        0.00000038        0.00000012 
        0.00000003        0.00000008        0.00000017        0.00000028        0.00000044        0.00000036        0.00000012 
        0.00000002        0.00000008        0.00000016        0.00000027        0.00000042        0.00000034        0.00000011 
        0.00000002        0.00000007        0.00000015        0.00000026        0.00000040        0.00000033        0.00000010 
        0.00000002        0.00000007        0.00000014        0.00000024        0.00000038        0.00000031        0.00000010 
        0.00000002        0.00000007        0.00000013        0.00000023        0.00000036        0.00000029        0.00000009 
        0.00000002        0.00000006        0.00000012        0.00000022        0.00000034        0.00000028        0.00000009 
        0.00000002        0.00000006        0.00000012        0.00000021        0.00000033        0.00000026        0.00000008 
        0.00000002        0.00000005        0.00000011        0.00000019        0.00000031        0.00000025        0.00000008 
        0.00000002        0.00000005        0.00000010        0.00000018        0.00000029        0.00000024        0.00000007 
        0.00000001        0.00000005        0.00000010        0.00000017        0.00000028        0.00000022        0.00000007 
        0.00000001        0.00000005        0.00000009        0.00000016        0.00000026        0.00000021        0.00000007 
        0.00000001        0.00000004        0.00000009        0.00000015        0.00000025        0.00000020        0.00000006 
        0.00000001        0.00000004        0.00000008        0.00000015        0.00000024        0.00000019        0.00000006 
        0.00000001        0.00000004        0.00000008        0.00000014        0.00000022        0.00000018        0.00000006 
        0.00000001        0.00000003        0.00000007        0.00000013        0.00000021        0.00000017        0.00000005 
        0.00000001        0.00000003        0.00000007        0.00000012        0.00000020        0.00000016        0.00000005 
        0.00000001        0.00000003        0.00000006        0.00000012        0.00000019        0.00000015        0.00000005 
        0.00000001        0.00000003        0.00000006        0.00000011        0.00000018        0.00000014        0.00000005 
        0.00000001        0.00000003        0.00000006        0.00000010        0.00000017        0.00000014        0.00000004 
        0.00000001        0.00000002        0.00000005        0.00000010        0.00000016        0.00000013        0.00000004 
        0.00000001        0.00000002        0.00000005        0.00000009        0.00000015        0.00000012        0.00000004 
        0.00000001        0.00000002        0.00000004        0.00000008        0.00000014        0.00000011        0.00000004 
        0.00000001        0.00000002        0.00000004        0.00000008        0.00000013        0.00000011        0.00000003 
        0.00000000        0.00000002        0.00000004        0.00000007        0.00000013        0.00000010        0.00000003 
        0.00000000        0.00000002        0.00000004        0.00000007        0.00000012        0.00000010        0.00000003 
        0.00000000        0.00000001        0.00000003        0.00000007        0.00000011        0.00000009        0.00000003 
        0.00000000        0.00000001        0.00000003        0.00000006        0.00000011        0.00000008        0.00000003 
        0.00000000        0.00000001        0.00000003        0.00000006        0.00000010        0.00000008        0.00000002 
        0.00000000        0.00000001        0.00000003        0.00000005        0.00000009        0.00000007        0.00000002 
        0.00000000        0.00000001        0.00000002        0.00000005        0.00000009        0.00000007        0.00000002 
        0.00000000        0.00000001        0.00000002        0.00000005        0.00000008        0.00000007        0.00000002 
        0.00000000        0.00000001        0.00000002        0.00000004        0.00000008        0.00000006        0.00000002 
        0.00000000        0.00000001        0.00000002        0.00000004        0.00000007        0.00000006        0.00000002 
        0.00000000        0.00000001        0.00000002        0.00000004        0.00000007        0.00000005        0.00000002 
        0.00000000        0.00000001        0.00000002        0.00000003        0.00000006        0.00000005        0.00000002 
        0.00000000        0.00000000        0.00000001        0.00000003        0.00000006        0.00000005        0.00000001 
        0.00000000        0.00000000        0.00000001        0.00000003        0.00000006        0.00000004        0.00000001 
        0.00000000        0.00000000        0.00000001        0.00000003        0.00000005        0.00000004        0.00000001 
        0.00000000        0.00000000        0.00000001        0.00000002        0.00000005        0.00000004        0.00000001 
        0.00000000        0.00000000        0.00000001        0.00000002        0.00000005        0.00000004        0.00000001 
       -0.00000000        0.00000000        0.00000001        0.00000002        0.00000004        0.00000003        0.00000001 
       -0.00000000        0.00000000        0.00000001        0.00000002        0.00000004        0.00000003        0.00000001 
       -0.00000000        0.00000000        0.00000001        0.00000002        0.00000004        0.00000003        0.00000001 
       -0.00000000        0.00000000        0.00000000        0.00000002        0.00000003        0.00000003        0.00000001 
       -0.00000000       -0.00000000        0.00000000        0.00000001        0.00000003        0.00000002        0.00000001 
       -0.00000000       -0.00000000        0.00000000        0.00000001        0.00000003        0.00000002        0.00000001 
       -0.00000000       -0.00000000        0.00000000        0.00000001        0.00000003        0.00000002        0.00000001 
       -0.00000000       -0.00000000        0.00000000        0.00000001        0.00000002        0.00000002        0.00000001 
       -0.00000000       -0.00000000        0.00000000        0.00000001        0.00000002        0.00000002        0.00000000 
       -0.00000000       -0.00000000        0.00000000        0.00000001        0.00000002        0.00000002        0.00000000 
       -0.00000000       -0.00000000       -0.00000000        0.00000001        0.00000002        0.00000001        0.00000000 
       -0.00000000       -0.00000000       -0.00000000        0.00000001        0.00000002        0.00000001        0.00000000 
       -0.00000000       -0.00000000       -0.00000000        0.00000000        0.00000002        0.00000001        0.00000000 
       -0.00000000       -0.00000000       -0.00000000        0.00000000        0.00000001        0.00000001        0.00000000 
       -0.00000000       -0.00000000       -0.00000000        0.00000000        0.00000001        0.00000001        0.00000000 
       -0.00000000       -0.00000000       -0.00000000        0.00000000        0.00000001        0.00000001        0.00000000 
       -0.00000000       -0.00000000       -0.00000000        0.00000000        0.00000001        0.00000001        0.00000000 
       -0.00000000       -0.00000000       -0.00000000        0.00000000        0.00000001        0.00000001        0.00000000 
       -0.00000000       -0.00000000       -0.00000000        0.00000000        0.00000001        0.00000001        0.00000000 
       -0.00000000       -0.00000000       -0.00000000       -0.00000000        0.00000001        0.00000000        0.00000000 
       -0.00000000       -0.00000000       -0.00000000       -0.00000000        0.00000001        0.00000000        0.00000000 
       -0.00000000       -0.00000000       -0.00000000       -0.00000000        0.00000000        0.00000000        0.00000000 
       -0.00000000       -0.00000000       -0.00000000       -0.00000000        0.00000000        0.00000000        0.00000000 
       -0.00000000       -0.00000000       -0.00000000       -0.00000000        0.00000000        0.00000000       -0.00000000 
       -0.00000000       -0.00000000       -0.00000000       -0.00000000        0.00000000        0.00000000       -0.00000000 
       -0.00000000       -0.00000000       -0.00000000       -0.00000000        0.00000000        0.00000000       -0.00000000 
       -0.00000000       -0.00000000       -0.00000001       -0.00000000        0.00000000       -0.00000000       -0.00000000 
       -0.00000000       -0.00000000       -0.00000001       -0.00000000        0.00000000       -0.00000000       -0.00000000 
       -0.00000000       -0.00000000       -0.00000001       -0.00000000       -0.00000000       -0.00000000       -0.00000000 
       -0.00000000       -0.00000000       -0.00000001       -0.00000000       -0.00000000       -0.00000000       -0.00000000 
       -0.00000000       -0.00000000       -0.00000001       -0.00000000       -0.00000000       -0.00000000       -0.00000000 
       -0.00000000       -0.00000000       -0.00000001       -0.00000000       -0.00000000       -0.00000000       -0.00000000 
       -0.00000000       -0.00000000       -0.00000001       -0.00000000       -0.00000000       -0.00000000       -0.00000000 
       -0.00000000       -0.00000000       -0.00000001       -0.00000001       -0.00000000       -0.00000000       -0.00000000 
       -0.00000000       -0.00000000       -0.00000001       -0.00000001       -0.00000000       -0.00000000       -0.00000000 
       -0.00000000       -0.00000000       -0.00000001       -0.00000001       -0.00000000       -0.00000000       -0.00000000 
       -0.00000000       -0.00000000       -0.00000001       -0.00000001       -0.00000000       -0.00000000       -0.00000000 
       -0.00000000       -0.00000000       -0.00000001       -0.00000001       -0.00000000       -0.00000000       -0.00000000 
       -0.00000000       -0.00000000       -0.00000001       -0.00000001       -0.00000000       -0.00000000       -0.00000000 
       -0.00000000       -0.00000000       -0.00000001       -0.00000001       -0.00000000       -0.00000000       -0.00000000 
       -0.00000000       -0.00000000       -0.00000001       -0.00000001       -0.00000000       -0.00000000       -0.00000000 
       -0.00000000       -0.00000000       -0.00000001       -0.00000001       -0.00000000       -0.00000000       -0.00000000 
       -0.00000000       -0.00000000       -0.00000001       -0.00000001       -0.00000000       -0.00000000       -0.00000000 
       -0.00000000       -0.00000000       -0.00000001       -0.00000001       -0.00000001       -0.00000000       -0.00000000 
       -0.00000000       -0.00000000       -0.00000001       -0.00000001       -0.00000001       -0.00000000       -0.00000000 
       -0.00000000       -0.00000000       -0.00000001       -0.00000001       -0.00000001       -0.00000000       -0.00000000 
       -0.00000000       -0.00000000       -0.00000001       -0.00000001       -0.00000001       -0.00000000       -0.00000000 
       -0.00000000       -0.00000000       -0.00000001       -0.00000001       -0.00000001       -0.00000000       -0.00000000 
       -0.00000000       -0.00000000       -0.00000001       -0.00000001       -0.00000001       -0.00000000       -0.00000000 
       -0.00000000       -0.00000000       -0.00000001       -0.00000001       -0.00000001       -0.00000001       -0.00000000 
       -0.00000000       -0.00000000       -0.00000001       -0.00000001       -0.00000001       -0.00000001       -0.00000000 
       -0.00000000       -0.00000000       -0.00000001       -0.00000001       -0.00000001       -0.00000001       -0.00000000 
       -0.00000000       -0.00000000       -0.00000001       -0.00000001       -0.00000001       -0.00000001       -0.00000000 
       -0.00000000       -0.00000000       -0.00000001       -0.00000001       -0.00000001       -0.00000001       -0.00000000 
       -0.00000000       -0.00000000       -0.00000000       -0.00000001       -0.00000001       -0.00000001       -0.00000000 
       -0.00000000       -0.00000000       -0.00000000       -0.00000001       -0.00000001       -0.00000001       -0.00000000 
       -0.00000000       -0.00000000       -0.00000000       -0.00000001       -0.00000001       -0.00000001       -0.00000000 
       -0.00000000       -0.00000000       -0.00000000       -0.00000001       -0.00000001       -0.00000001       -0.00000000 
       -0.00000000       -0.00000000       -0.00000000       -0.00000001       -0.00000001       -0.00000001       -0.00000000 
       -0.00000000       -0.00000000       -0.00000000       -0.00000001       -0.00000001       -0.00000000       -0.00000000 
       -0.00000000       -0.00000000       -0.00000000       -0.00000001       -0.00000001       -0.00000000       -0.00000000 
