        0.00000000        0.00000000        0.00000000        0.00000000        0.00000000        0.00000000        0.00000000 
        0.00000000        0.00000000        0.00000000        0.00000000        0.00000000        0.00000000        0.00000000 
        0.00000000        0.00000000        0.00000000        0.00000000        0.00000000        0.00000000        0.00000000 
        0.00000000        0.00000000        0.00000000        0.00000000        0.00000000        0.00000000        0.00000000 
        0.00000000        0.00000000        0.00000000        0.00000000        0.00000000        0.00000000        0.00000000 
        0.00000000        0.00000000        0.00000000        0.00000000        0.00000000        0.00000000        0.00000000 
        0.00000000        0.00000000        0.00000000        0.00000000        0.00000000        0.00000000        0.00000000 
        0.00000000        0.00000000        0.00000000        0.00000000        0.00000000        0.00000000        0.00000000 
        0.00000000        0.00000000        0.00000000        0.00000000        0.00000000        0.00000000        0.00000000 
        0.00000000        0.00000000        0.00000000        0.00000000        0.00000000        0.00000000        0.00000000 
        0.00000000        0.00000000        0.00000000        0.00000000        0.00000000        0.00000000        0.00000000 
        0.00000000        0.00000000        0.00000000        0.00000000        0.00000000        0.00000000        0.00000000 
        0.00000000        0.00000000        0.00000000        0.00000000        0.00000000        0.00000000        0.00000000 
        0.00000000        0.00000000        0.00000000        0.00000000        0.00000000        0.00000000        0.00000000 
        0.00000000        0.00000000        0.00000000        0.00000000        0.00000000        0.00000000        0.00000000 
        0.00000000        0.00000000        0.00000000        0.00000000        0.00000000        0.00000000        0.00000000 
        0.00000000        0.00000000        0.00000000        0.00000000        0.00000000        0.00000000        0.00000000 
        0.00000000        0.00000000        0.00000000        0.00000000        0.00000000        0.00000000        0.00000000 
        0.00000000        0.00000000        0.00000000        0.00000000        0.00000000        0.00000000        0.00000000 
        0.00000000        0.00000000        0.00000000        0.00000000        0.00000000        0.00000000        0.00000000 
        0.00000000        0.00000000        0.00000000        0.00000000        0.00000000        0.00000000        0.00000000 
        0.00000000        0.00000000        0.00000000        0.00000000        0.00000000        0.00000000        0.00000000 
        0.00000000        0.00000000        0.00000000        0.00000000        0.00000000        0.00000000        0.00000000 
        0.00000000        0.00000000        0.00000000        0.00000000        0.00000000        0.00000000        0.00000000 
        0.00000000        0.00000000        0.00000000        0.00000000        0.00000000        0.00000000        0.00000000 
        0.00000000        0.00000000        0.00000000        0.00000000        0.00000000        0.00000000        0.00000000 
        0.00000000        0.00000000        0.00000000        0.00000000        0.00000000        0.00000000        0.00000000 
        0.00000000        0.00000000        0.00000000        0.00000000        0.00000000        0.00000000        0.00000000 
        0.00000000        0.00000000        0.00000000        0.00000000        0.00000000        0.00000000        0.00000000 
        0.00000000        0.00000000        0.00000000        0.00000000        0.00000000        0.00000000        0.00000000 
        0.00000000        0.00000000        0.00000000        0.00000000        0.00000000        0.00000000        0.00000000 
        0.00000000        0.00000000        0.00000000        0.00000000        0.00000000        0.00000000        0.00000000 
        0.00000000        0.00000000        0.00000000        0.00000000        0.00000000        0.00000000        0.00000000 
        0.00000000        0.00000000        0.00000000        0.00000000        0.00000000        0.00000000        0.00000000 
        0.00000000        0.00000000        0.00000000        0.00000000        0.00000000        0.00000000        0.00000000 
        0.00000000        0.00000000        0.00000000        0.00000000        0.00000000        0.00000000        0.00000000 
        0.00000000        0.00000000        0.00000000        0.00000000        0.00000000        0.00000000        0.00000000 
        0.00000000        0.00000000        0.00000000        0.00000000        0.00000000        0.00000000        0.00000000 
        0.00000000        0.00000000        0.00000000        0.00000000        0.00000000        0.00000000        0.00000000 
        0.00000000        0.00000000        0.00000000        0.00000000        0.00000000        0.00000000        0.00000000 
        0.00000000        0.00000000        0.00000000        0.00000000        0.00000000        0.00000000        0.00000000 
        0.00000000        0.00000000        0.00000000        0.00000000        0.00000000        0.00000000        0.00000000 
        0.00000000        0.00000000        0.00000000        0.00000000        0.00000000        0.00000000        0.00000000 
        0.00000000        0.00000000        0.00000000        0.00000000        0.00000000        0.00000000        0.00000000 
        0.00000000        0.00000000        0.00000000        0.00000000        0.00000000        0.00000000        0.00000000 
        0.00000000        0.00000000        0.00000000        0.00000000        0.00000000        0.00000000        0.00000000 
        0.00000000        0.00000000        0.00000000        0.00000000        0.00000000        0.00000000        0.00000000 
        0.00000000        0.00000000        0.00000000        0.00000000        0.00000000        0.00000000        0.00000000 
        0.00000000        0.00000000        0.00000000        0.00000000        0.00000000        0.00000000        0.00000000 
        0.00000000        0.00000000        0.00000000        0.00000000        0.00000000        0.00000000        0.00000000 
        0.00000000        0.00000000        0.00000000        0.00000000        0.00000000        0.00000000        0.00000000 
        0.00000000        0.00000000        0.00000000        0.00000000        0.00000000        0.00000000        0.00000000 
        0.00000000        0.00000000        0.00000000        0.00000000        0.00000000        0.00000000        0.00000000 
        0.00000000        0.00000000        0.00000000        0.00000000        0.00000000        0.00000000        0.00000000 
        0.00000000        0.00000000        0.00000000        0.00000000        0.00000000        0.00000000        0.00000000 
        0.00000000        0.00000000        0.00000000        0.00000000        0.00000000        0.00000000        0.00000000 
        0.00000000        0.00000000        0.00000000        0.00000000        0.00000000        0.00000000        0.00000000 
        0.00000000        0.00000000        0.00000000        0.00000000        0.00000000        0.00000000        0.00000000 
        0.00000000        0.00000000        0.00000000        0.00000000        0.00000000        0.00000000        0.00000000 
        0.00000000        0.00000000        0.00000000        0.00000000        0.00000000        0.00000000        0.00000000 
        0.00000000        0.00000000        0.00000000        0.00000000        0.00000000        0.00000000        0.00000000 
        0.00000000        0.00000000        0.00000000        0.00000000        0.00000000        0.00000000        0.00000000 
        0.00000000        0.00000000        0.00000000        0.00000000        0.00000000        0.00000000        0.00000000 
        0.00000000        0.00000000        0.00000000        0.00000000        0.00000000        0.00000000        0.00000000 
        0.00000000        0.00000000        0.00000000        0.00000000        0.00000000        0.00000000        0.00000000 
        0.00000000        0.00000000        0.00000000        0.00000000        0.00000000        0.00000000        0.00000000 
        0.00000000        0.00000000        0.00000000        0.00000000        0.00000000        0.00000000        0.00000000 
        0.00000000        0.00000000        0.00000000        0.00000000        0.00000000        0.00000000        0.00000000 
        0.00000000        0.00000000        0.00000000        0.00000000        0.00000000        0.00000000        0.00000000 
        0.00000000        0.00000000        0.00000000        0.00000000        0.00000000        0.00000000        0.00000000 
        0.00000000        0.00000000        0.00000000        0.00000000        0.00000000        0.00000000        0.00000000 
        0.00000000        0.00000000        0.00000000        0.00000000        0.00000000        0.00000000        0.00000000 
        0.00000000        0.00000000        0.00000000        0.00000000        0.00000000        0.00000000        0.00000000 
        0.00000000        0.00000000        0.00000000        0.00000000        0.00000000        0.00000000        0.00000000 
        0.00000000        0.00000000        0.00000000        0.00000000        0.00000000        0.00000000        0.00000000 
        0.00000000        0.00000000        0.00000000        0.00000000        0.00000000        0.00000000        0.00000000 
        0.00000000        0.00000000        0.00000000        0.00000000        0.00000000        0.00000000        0.00000000 
        0.00000000        0.00000000        0.00000000        0.00000000        0.00000000        0.00000000        0.00000000 
        0.00000000        0.00000000        0.00000000        0.00000000        0.00000000        0.00000000        0.00000000 
        0.00000000        0.00000000        0.00000000        0.00000000        0.00000000        0.00000000        0.00000000 
        0.00000000        0.00000000        0.00000000        0.00000000        0.00000000        0.00000000        0.00000000 
        0.00000000        0.00000000        0.00000000        0.00000000        0.00000000        0.00000000        0.00000000 
        0.00000000        0.00000000        0.00000000        0.00000000        0.00000000        0.00000000        0.00000000 
        0.00000000        0.00000000        0.00000000        0.00000000        0.00000000        0.00000000        0.00000000 
        0.00000000        0.00000000        0.00000000        0.00000000        0.00000000        0.00000000        0.00000000 
        0.00000000        0.00000000        0.00000000        0.00000000        0.00000000        0.00000000        0.00000000 
        0.00000000        0.00000000        0.00000000        0.00000000        0.00000000        0.00000000        0.00000000 
        0.00000000        0.00000000        0.00000000        0.00000000        0.00000000        0.00000000        0.00000000 
        0.00000000        0.00000000        0.00000000        0.00000000        0.00000000        0.00000000        0.00000000 
        0.00000000        0.00000000        0.00000000        0.00000000        0.00000000        0.00000000        0.00000000 
        0.00000000        0.00000000        0.00000000        0.00000000        0.00000000        0.00000000        0.00000000 
        0.00000000        0.00000000        0.00000000        0.00000000        0.00000000        0.00000000        0.00000000 
        0.00000000        0.00000000        0.00000000        0.00000000        0.00000000        0.00000000        0.00000000 
        0.00000000        0.00000000        0.00000000        0.00000000        0.00000000        0.00000000        0.00000000 
        0.00000000        0.00000000        0.00000000        0.00000000        0.00000000        0.00000000        0.00000000 
        0.00000000        0.00000000        0.00000000        0.00000000        0.00000000        0.00000000        0.00000000 
        0.00000000        0.00000000        0.00000000        0.00000000        0.00000000        0.00000000        0.00000000 
        0.00000000        0.00000000        0.00000000        0.00000000        0.00000000        0.00000000        0.00000000 
        0.00000000        0.00000000        0.00000000        0.00000000        0.00000000        0.00000000        0.00000000 
        0.00000000        0.00000000        0.00000000        0.00000000        0.00000000        0.00000000        0.00000000 
       -0.00000000       -0.00000000        0.00000000        0.00000000        0.00000000        0.00000000        0.00000000 
       -0.00000000       -0.00000000        0.00000000        0.00000000        0.00000000        0.00000000        0.00000000 
       -0.00000000       -0.00000000        0.00000000        0.00000000        0.00000000        0.00000000        0.00000000 
       -0.00000000       -0.00000000        0.00000000        0.00000000        0.00000000        0.00000000        0.00000000 
       -0.00000000       -0.00000000        0.00000000        0.00000000        0.00000000        0.00000000        0.00000000 
       -0.00000000       -0.00000000        0.00000000        0.00000000        0.00000000        0.00000000        0.00000000 
       -0.00000000       -0.00000000        0.00000000        0.00000000        0.00000000        0.00000000        0.00000000 
       -0.00000000       -0.00000000        0.00000000        0.00000000        0.00000000        0.00000000        0.00000000 
       -0.00000000       -0.00000000        0.00000000        0.00000000        0.00000000        0.00000000        0.00000000 
       -0.00000000       -0.00000000        0.00000000        0.00000000        0.00000000        0.00000000        0.00000000 
       -0.00000000       -0.00000000        0.00000000        0.00000000        0.00000000        0.00000000        0.00000000 
       -0.00000000       -0.00000000        0.00000000        0.00000000        0.00000000        0.00000000        0.00000000 
       -0.00000000       -0.00000000        0.00000000        0.00000000        0.00000000        0.00000000        0.00000000 
       -0.00000000       -0.00000000        0.00000000        0.00000000        0.00000000        0.00000000        0.00000000 
       -0.00000000       -0.00000000        0.00000000        0.00000000        0.00000000        0.00000000        0.00000000 
       -0.00000000       -0.00000000        0.00000000        0.00000000        0.00000000        0.00000000        0.00000000 
       -0.00000000       -0.00000000        0.00000000        0.00000000        0.00000000        0.00000000        0.00000000 
       -0.00000000       -0.00000000        0.00000000        0.00000000        0.00000000        0.00000000        0.00000000 
       -0.00000000       -0.00000000        0.00000000        0.00000000        0.00000000        0.00000000        0.00000000 
       -0.00000000       -0.00000000        0.00000000        0.00000000        0.00000000        0.00000000        0.00000000 
       -0.00000000       -0.00000000        0.00000000        0.00000000        0.00000000        0.00000000        0.00000000 
       -0.00000000       -0.00000000        0.00000000        0.00000000        0.00000000        0.00000000        0.00000000 
       -0.00000000        0.00000000        0.00000000        0.00000000        0.00000000        0.00000000        0.00000000 
       -0.00000000        0.00000000        0.00000000        0.00000000        0.00000000        0.00000000        0.00000000 
       -0.00000000        0.00000000        0.00000000        0.00000000        0.00000000        0.00000000        0.00000000 
       -0.00000000        0.00000000        0.00000000        0.00000000        0.00000000        0.00000000        0.00000000 
       -0.00000000        0.00000000        0.00000000        0.00000000        0.00000000        0.00000000        0.00000000 
       -0.00000000        0.00000000        0.00000000        0.00000000        0.00000000        0.00000000        0.00000000 
       -0.00000000        0.00000000        0.00000000        0.00000000        0.00000000        0.00000000        0.00000000 
        0.00000000        0.00000000        0.00000000        0.00000000        0.00000000        0.00000000        0.00000000 
        0.00000000        0.00000000        0.00000000        0.00000000        0.00000001        0.00000001        0.00000000 
        0.00000000        0.00000000        0.00000000        0.00000000        0.00000001        0.00000001        0.00000000 
        0.00000000        0.00000000        0.00000000        0.00000000        0.00000001        0.00000001        0.00000000 
        0.00000000        0.00000000        0.00000000        0.00000000        0.00000002        0.00000002        0.00000000 
        0.00000000        0.00000000        0.00000000        0.00000000        0.00000003        0.00000003        0.00000000 
        0.00000000        0.00000000        0.00000000        0.00000000        0.00000004        0.00000005        0.00000000 
        0.00000000        0.00000000        0.00000000        0.00000000        0.00000007        0.00000007        0.00000001 
        0.00000000        0.00000000        0.00000000        0.00000001        0.00000010        0.00000011        0.00000001 
        0.00000000        0.00000000        0.00000000        0.00000001        0.00000015        0.00000016        0.00000002 
        0.00000000        0.00000000        0.00000000        0.00000002        0.00000022        0.00000024        0.00000003 
        0.00000000        0.00000000        0.00000000        0.00000002        0.00000033        0.00000036        0.00000004 
        0.00000000        0.00000000        0.00000001        0.00000004        0.00000048        0.00000052        0.00000006 
        0.00000000        0.00000000        0.00000001        0.00000005        0.00000071        0.00000077        0.00000009 
        0.00000000        0.00000000        0.00000002        0.00000008        0.00000103        0.00000112        0.00000014 
        0.00000000        0.00000000        0.00000002        0.00000012        0.00000148        0.00000162        0.00000020 
        0.00000000        0.00000001        0.00000004        0.00000017        0.00000213        0.00000232        0.00000029 
        0.00000000        0.00000001        0.00000005        0.00000026        0.00000304        0.00000332        0.00000043 
        0.00000000        0.00000002        0.00000008        0.00000038        0.00000432        0.00000472        0.00000062 
        0.00000001        0.00000003        0.00000012        0.00000055        0.00000610        0.00000667        0.00000090 
        0.00000001        0.00000004        0.00000017        0.00000079        0.00000856        0.00000936        0.00000129 
        0.00000001        0.00000006        0.00000025        0.00000113        0.00001194        0.00001307        0.00000183 
        0.00000002        0.00000009        0.00000036        0.00000162        0.00001656        0.00001815        0.00000259 
        0.00000003        0.00000013        0.00000052        0.00000230        0.00002283        0.00002505        0.00000365 
        0.00000004        0.00000019        0.00000075        0.00000325        0.00003130        0.00003437        0.00000511 
        0.00000006        0.00000027        0.00000107        0.00000456        0.00004266        0.00004689        0.00000711 
        0.00000009        0.00000039        0.00000152        0.00000638        0.00005782        0.00006360        0.00000983 
        0.00000012        0.00000057        0.00000215        0.00000886        0.00007792        0.00008578        0.00001352 
        0.00000018        0.00000081        0.00000302        0.00001225        0.00010441        0.00011503        0.00001848 
        0.00000026        0.00000115        0.00000421        0.00001683        0.00013910        0.00015336        0.00002511 
        0.00000037        0.00000163        0.00000585        0.00002301        0.00018428        0.00020330        0.00003392 
        0.00000052        0.00000229        0.00000808        0.00003128        0.00024275        0.00026797        0.00004556 
        0.00000074        0.00000320        0.00001109        0.00004229        0.00031798        0.00035119        0.00006084 
        0.00000104        0.00000444        0.00001514        0.00005686        0.00041418        0.00045766        0.00008076 
        0.00000144        0.00000614        0.00002057        0.00007604        0.00053647        0.00059303        0.00010659 
        0.00000200        0.00000842        0.00002778        0.00010114        0.00069100        0.00076409        0.00013987 
        0.00000275        0.00001150        0.00003732        0.00013379        0.00088510        0.00097896        0.00018247 
        0.00000377        0.00001561        0.00004987        0.00017603        0.00112745        0.00124721        0.00023668 
        0.00000513        0.00002107        0.00006627        0.00023037        0.00142826        0.00158007        0.00030522 
        0.00000693        0.00002828        0.00008760        0.00029987        0.00179941        0.00199058        0.00039135 
        0.00000933        0.00003774        0.00011517        0.00038824        0.00225462        0.00249378        0.00049891 
        0.00001247        0.00005008        0.00015061        0.00049999        0.00280964        0.00310686        0.00063239 
        0.00001658        0.00006609        0.00019591        0.00064048        0.00348235        0.00384924        0.00079701 
        0.00002192        0.00008673        0.00025349        0.00081610        0.00429289        0.00474272        0.00099875 
        0.00002882        0.00011320        0.00032627        0.00103441        0.00526375        0.00581151        0.00124446 
        0.00003768        0.00014694        0.00041775        0.00130424        0.00641979        0.00708219        0.00154183 
        0.00004898        0.00018969        0.00053208        0.00163585        0.00778823        0.00858366        0.00189945 
        0.00006333        0.00024356        0.00067418        0.00204108        0.00939860        0.01034697        0.00232686 
        0.00008143        0.00031104        0.00084982        0.00253347        0.01128254        0.01240509        0.00283442 
        0.00010415        0.00039511        0.00106571        0.00312839        0.01347363        0.01479258        0.00343337 
        0.00013246        0.00049920        0.00132959        0.00384311        0.01600705        0.01754506        0.00413568 
        0.00016756        0.00062737        0.00165036        0.00469694        0.01891915        0.02069878        0.00495397 
        0.00021082        0.00078429        0.00203812        0.00571115        0.02224700        0.02428989        0.00590131 
        0.00026384        0.00097532        0.00250426        0.00690907        0.02602776        0.02835368        0.00699103 
        0.00032842        0.00120653        0.00306156        0.00831600        0.03029803        0.03292377        0.00823649 
        0.00040667        0.00148480        0.00372415        0.00995907        0.03509312        0.03803113        0.00965079 
        0.00050089        0.00181783        0.00450760        0.01186706        0.04044613        0.04370314        0.01124642 
        0.00061374        0.00221413        0.00542886        0.01407014        0.04638713        0.04996254        0.01303492 
        0.00074804        0.00268302        0.00650621        0.01659961        0.05294230        0.05682641        0.01502650 
        0.00090704        0.00323472        0.00775915        0.01948731        0.06013289        0.06430526        0.01722966 
        0.00109415        0.00388013        0.00920832        0.02276530        0.06797444        0.07240185        0.01965071 
        0.00131305        0.00463096        0.01087520        0.02646524        0.07647575        0.08111058        0.02229349 
        0.00156770        0.00549945        0.01278191        0.03061760        0.08563828        0.09041682        0.02515889 
        0.00186232        0.00649854        0.01495103        0.03525126        0.09545527        0.10029597        0.02824464 
        0.00220117        0.00764126        0.01740498        0.04039224        0.10591118        0.11071371        0.03154488 
        0.00258860        0.00894101        0.02016591        0.04606346        0.11698133        0.12162533        0.03505007 
        0.00302906        0.01041077        0.02325493        0.05228354        0.12863164        0.13297634        0.03874683 
        0.00352699        0.01206385        0.02669190        0.05906610        0.14081860        0.14470240        0.04261789 
        0.00408662        0.01391223        0.03049452        0.06641890        0.15348902        0.15673031        0.04664219 
        0.00471186        0.01596746        0.03467842        0.07434320        0.16658090        0.16897884        0.05079484 
        0.00540651        0.01823981        0.03925601        0.08283302        0.18002358        0.18135966        0.05504780 
        0.00617389        0.02073789        0.04423556        0.09187450        0.19373900        0.19377922        0.05936988 
        0.00701646        0.02346841        0.04962207        0.10144554        0.20764160        0.20613982        0.06372744 
        0.00793613        0.02643587        0.05541542        0.11151552        0.22164053        0.21834126        0.06808487 
        0.00893459        0.02964255        0.06161015        0.12204516        0.23564056        0.23028353        0.07240526 
        0.01001197        0.03308779        0.06819549        0.13298614        0.24954304        0.24186701        0.07665087 
        0.01116737        0.03676727        0.07515459        0.14428225        0.26324776        0.25299612        0.08078445 
        0.01239954        0.04067433        0.08246517        0.15586890        0.27665436        0.26357979        0.08476926 
        0.01370530        0.04479831        0.09009817        0.16767424        0.28966397        0.27353352        0.08857024 
        0.01508133        0.04912549        0.09801847        0.17961985        0.30218050        0.28278106        0.09215438 
        0.01652189        0.05363777        0.10618538        0.19162154        0.31411183        0.29125559        0.09549204 
        0.01802099        0.05831450        0.11455241        0.20359111        0.32537237        0.29889995        0.09855622 
        0.01957193        0.06313211        0.12306759        0.21543637        0.33588231        0.30566904        0.10132462 
        0.02116519        0.06806135        0.13167432        0.22706449        0.34557059        0.31152868        0.10377857 
        0.02279198        0.07307330        0.14031330        0.23838148        0.35437471        0.31645674        0.10590427 
        0.02444229        0.07813489        0.14891964        0.24929404        0.36224133        0.32044202        0.10769188 
        0.02610493        0.08321124        0.15742868        0.25971279        0.36912805        0.32348597        0.10913706 
        0.02776821        0.08826554        0.16577262        0.26955128        0.37500244        0.32559991        0.11023933 
        0.02942030        0.09326014        0.17388412        0.27872890        0.37984264        0.32680452        0.11100236 
        0.03104883        0.09815735        0.18169740        0.28717133        0.38363600        0.32713008        0.11143374 
        0.03264225        0.10291898        0.18914688        0.29481286        0.38638180        0.32661420        0.11154503 
        0.03418788        0.10750735        0.19617087        0.30159605        0.38808948        0.32530171        0.11135066 
        0.03567338        0.11188519        0.20271128        0.30747265        0.38877487        0.32324165        0.11086726 
        0.03708857        0.11601931        0.20871454        0.31240469        0.38846552        0.32048792        0.11011422 
        0.03842169        0.11987597        0.21413326        0.31636584        0.38719428        0.31709689        0.10911179 
        0.03966418        0.12342703        0.21892530        0.31933814        0.38500166        0.31312597        0.10788170 
        0.04080558        0.12664372        0.22305542        0.32131642        0.38193464        0.30863428        0.10644636 
        0.04183844        0.12950432        0.22649753        0.32230484        0.37804514        0.30367911        0.10482749 
        0.04275730        0.13199019        0.22923046        0.32231754        0.37338769        0.29831737        0.10304758 
        0.04355502        0.13408446        0.23124206        0.32137835        0.36802179        0.29260367        0.10112795 
        0.04422736        0.13577533        0.23252755        0.31951982        0.36200786        0.28658968        0.09908897 
        0.04477286        0.13705766        0.23309004        0.31678164        0.35540801        0.28032541        0.09695029 
        0.04518801        0.13792688        0.23293990        0.31321138        0.34828478        0.27385533        0.09472990 
        0.04547289        0.13838369        0.23209333        0.30886167        0.34070104        0.26722240        0.09244460 
        0.04562783        0.13843346        0.23057443        0.30378997        0.33271718        0.26046598        0.09010997 
        0.04565486        0.13808435        0.22841156        0.29805821        0.32439446        0.25362003        0.08773971 
        0.04555607        0.13734829        0.22563970        0.29173005        0.31579024        0.24671763        0.08534634 
        0.04533562        0.13624007        0.22229636        0.28487128        0.30695987        0.23978680        0.08294109 
        0.04499722        0.13477588        0.21842408        0.27754867        0.29795659        0.23285306        0.08053377 
        0.04454729        0.13297844        0.21406710        0.26982701        0.28882957        0.22593951        0.07813311 
        0.04399121        0.13086683        0.20927203        0.26177299        0.27962565        0.21906549        0.07574672 
        0.04333386        0.12846452        0.20408815        0.25344956        0.27038783        0.21224934        0.07338098 
        0.04258415        0.12579817        0.19856328        0.24491572        0.26115459        0.20550644        0.07104194 
        0.04174918        0.12289262        0.19274580        0.23623085        0.25196326        0.19885004        0.06873405 
        0.04083449        0.11977160        0.18668318        0.22744864        0.24284542        0.19229150        0.06646159 
        0.03984979        0.11646438        0.18042243        0.21861893        0.23382968        0.18584299        0.06422919 
        0.03880203        0.11299455        0.17400670        0.20978862        0.22494262        0.17951119        0.06203842 
        0.03769752        0.10938746        0.16747999        0.20099974        0.21620607        0.17330450        0.05989242 
        0.03654489        0.10566789        0.16088051        0.19228959        0.20763850        0.16722846        0.05779311 
        0.03535235        0.10186118        0.15424645        0.18369162        0.19925678        0.16128963        0.05574271 
        0.03412601        0.09798908        0.14761186        0.17523521        0.19107437        0.15549046        0.05374151 
        0.03287348        0.09407276        0.14100629        0.16694415        0.18310094        0.14983547        0.05179179 
        0.03160083        0.09013265        0.13445920        0.15884131        0.17534578        0.14432603        0.04989335 
        0.03031442        0.08618575        0.12799394        0.15094298        0.16781449        0.13896406        0.04804638 
        0.02902070        0.08225095        0.12163240        0.14326334        0.16051066        0.13375050        0.04625198 
        0.02772540        0.07834393        0.11539358        0.13581228        0.15343595        0.12868524        0.04450977 
        0.02643326        0.07447714        0.10929185        0.12859869        0.14659238        0.12376672        0.04281875 
        0.02514893        0.07066286        0.10334063        0.12162584        0.13997793        0.11899465        0.04117882 
        0.02387699        0.06691307        0.09755009        0.11489677        0.13358974        0.11436731        0.03958943 
        0.02262190        0.06323695        0.09192854        0.10841262        0.12742507        0.10988170        0.03804979 
        0.02138656        0.05964220        0.08648109        0.10217088        0.12147850        0.10553527        0.03655827 
        0.02017415        0.05613506        0.08121228        0.09616983        0.11574566        0.10132462        0.03511393 
        0.01898676        0.05272090        0.07612467        0.09040487        0.11022091        0.09724683        0.03371578 
        0.01782769        0.04940403        0.07121700        0.08487040        0.10489774        0.09329879        0.03236270 
        0.01669902        0.04618973        0.06649089        0.07956040        0.09976929        0.08947515        0.03105289 
        0.01560000        0.04307640        0.06194395        0.07446814        0.09482807        0.08577222        0.02978492 
        0.01453516        0.04006863        0.05757278        0.06958628        0.09006822        0.08218586        0.02855688 
        0.01350269        0.03716558        0.05337512        0.06490731        0.08548182        0.07871306        0.02736843 
        0.01250502        0.03436792        0.04934692        0.06042415        0.08106214        0.07534873        0.02621710 
        0.01154071        0.03167313        0.04548240        0.05612755        0.07680154        0.07208908        0.02510190 
        0.01061171        0.02908260        0.04177850        0.05201131        0.07269514        0.06893003        0.02402109 
        0.00971633        0.02659267        0.03822941        0.04806721        0.06873435        0.06586802        0.02297407 
        0.00885579        0.02420336        0.03482962        0.04428715        0.06491429        0.06289828        0.02195820 
        0.00802842        0.02191079        0.03157449        0.04066473        0.06122780        0.06001830        0.02097362 
        0.00723457        0.01971298        0.02845812        0.03719288        0.05767035        0.05722451        0.02001828 
        0.00647295        0.01760834        0.02547681        0.03386486        0.05423522        0.05451328        0.01909095 
        0.00574401        0.01559401        0.02262414        0.03067452        0.05091876        0.05188322        0.01819199 
        0.00504476        0.01366526        0.01989549        0.02761585        0.04771554        0.04933000        0.01731899 
        0.00437680        0.01182252        0.01728690        0.02468312        0.04462135        0.04685062        0.01647091 
        0.00373843        0.01006138        0.01479310        0.02187169        0.04163170        0.04444486        0.01564842 
        0.00312740        0.00837797        0.01240975        0.01917624        0.03874391        0.04210818        0.01484898 
        0.00254452        0.00677079        0.01013213        0.01659191        0.03595287        0.03984022        0.01407343 
        0.00198793        0.00523740        0.00795698        0.01411462        0.03325671        0.03763807        0.01331982 
        0.00145715        0.00377506        0.00588024        0.01174027        0.03065145        0.03550053        0.01258868 
        0.00095180        0.00238198        0.00389910        0.00946534        0.02813494        0.03342569        0.01187885 
        0.00047028        0.00105435        0.00200880        0.00728595        0.02570361        0.03141159        0.01118967 
        0.00001234       -0.00020933        0.00020599        0.00519824        0.02335572        0.02945799        0.01052126 
       -0.00042379       -0.00141203       -0.00151211        0.00319982        0.02108896        0.02756214        0.00987220 
       -0.00083783       -0.00255489       -0.00314778        0.00128734        0.01890081        0.02572346        0.00924271 
       -0.00123146       -0.00364161       -0.00470591       -0.00054181        0.01678920        0.02394092        0.00863251 
       -0.00160450       -0.00467253       -0.00618762       -0.00229120        0.01475215        0.02221268        0.00804067 
       -0.00195834       -0.00565135       -0.00759685       -0.00396299        0.01278692        0.02053809        0.00746721 
       -0.00229377       -0.00657910       -0.00893521       -0.00555980        0.01089340        0.01891625        0.00691229 
       -0.00261095       -0.00745708       -0.01020563       -0.00708437        0.00906724        0.01734501        0.00637355 
       -0.00291076       -0.00828838       -0.01141155       -0.00853807        0.00730914        0.01582408        0.00585291 
       -0.00319415       -0.00907379       -0.01255310       -0.00992417        0.00561595        0.01435220        0.00534895 
       -0.00346148       -0.00981581       -0.01363480       -0.01124513        0.00398558        0.01292783        0.00486064 
       -0.00371408       -0.01051629       -0.01465774       -0.01250261        0.00241750        0.01155043        0.00438896 
       -0.00395101       -0.01117575       -0.01562524       -0.01369923        0.00090843        0.01021814        0.00393242 
       -0.00417376       -0.01179576       -0.01653767       -0.01483727       -0.00054276        0.00892967        0.00349072 
       -0.00438344       -0.01237959       -0.01739901       -0.01591837       -0.00193733        0.00768578        0.00306469 
       -0.00457940       -0.01292658       -0.01820934       -0.01694447       -0.00327742        0.00648254        0.00265247 
       -0.00476351       -0.01344049       -0.01897371       -0.01791871       -0.00456476        0.00532049        0.00225392 
       -0.00493574       -0.01392144       -0.01969063       -0.01884162       -0.00580096        0.00419849        0.00186902 
       -0.00509620       -0.01437086       -0.02036464       -0.01971662       -0.00698829        0.00311452        0.00149742 
       -0.00524560       -0.01478988       -0.02099603       -0.02054447       -0.00812727        0.00206757        0.00113836 
       -0.00538445       -0.01517975       -0.02158678       -0.02132785       -0.00922060        0.00105709        0.00079149 
       -0.00551346       -0.01554298       -0.02213943       -0.02206779       -0.01026893        0.00008214        0.00045738 
       -0.00563279       -0.01587957       -0.02265513       -0.02276659       -0.01127470       -0.00085950        0.00013405 
       -0.00574267       -0.01619130       -0.02313608       -0.02342618       -0.01223862       -0.00176734       -0.00017735 
       -0.00584468       -0.01647973       -0.02358305       -0.02404761       -0.01316321       -0.00264376       -0.00047836 
       -0.00593790       -0.01674438       -0.02399737       -0.02463239       -0.01404870       -0.00348914       -0.00076839 
       -0.00602296       -0.01698738       -0.02438152       -0.02518278       -0.01489705       -0.00430459       -0.00104851 
       -0.00610009       -0.01720983       -0.02473646       -0.02569985       -0.01571012       -0.00509202       -0.00131905 
       -0.00617132       -0.01741266       -0.02506280       -0.02618527       -0.01648796       -0.00585043       -0.00157976 
       -0.00623575       -0.01759779       -0.02536362       -0.02664018       -0.01723284       -0.00658238       -0.00183165 
       -0.00629321       -0.01776457       -0.02563888       -0.02706569       -0.01794529       -0.00728762       -0.00207406 
       -0.00634453       -0.01791430       -0.02589011       -0.02746320       -0.01862705       -0.00796795       -0.00230822 
       -0.00639027       -0.01804799       -0.02611780       -0.02783412       -0.01927865       -0.00862271       -0.00253361 
       -0.00643060       -0.01816690       -0.02632403       -0.02817988       -0.01990151       -0.00925416       -0.00275114 
       -0.00646558       -0.01827133       -0.02651024       -0.02850121       -0.02049708       -0.00986242       -0.00296071 
       -0.00649497       -0.01836127       -0.02667558       -0.02879828       -0.02106518       -0.01044858       -0.00316271 
       -0.00652018       -0.01843870       -0.02682275       -0.02907407       -0.02160788       -0.01101226       -0.00335726 
       -0.00654116       -0.01850379       -0.02695161       -0.02932811       -0.02212536       -0.01155549       -0.00354490 
       -0.00655764       -0.01855719       -0.02706361       -0.02956134       -0.02261811       -0.01207793       -0.00372505 
       -0.00657001       -0.01859933       -0.02715921       -0.02977490       -0.02308756       -0.01258045       -0.00389895 
       -0.00657916       -0.01863134       -0.02723950       -0.02997017       -0.02353495       -0.01306391       -0.00406617 
       -0.00658426       -0.01865298       -0.02730560       -0.03014743       -0.02396029       -0.01352763       -0.00422645 
       -0.00658572       -0.01866502       -0.02735722       -0.03030729       -0.02436483       -0.01397336       -0.00438103 
       -0.00658464       -0.01866889       -0.02739596       -0.03045046       -0.02474827       -0.01440185       -0.00452942 
       -0.00658026       -0.01866376       -0.02742207       -0.03057832       -0.02511203       -0.01481265       -0.00467190 
       -0.00657311       -0.01865035       -0.02743524       -0.03069013       -0.02545637       -0.01520675       -0.00480884 
       -0.00656354       -0.01863015       -0.02743804       -0.03078824       -0.02578276       -0.01558459       -0.00494009 
       -0.00655118       -0.01860225       -0.02743000       -0.03087246       -0.02609098       -0.01594645       -0.00506589 
       -0.00653639       -0.01856792       -0.02741170       -0.03094351       -0.02638191       -0.01629275       -0.00518641 
       -0.00651872       -0.01852608       -0.02738327       -0.03100139       -0.02665591       -0.01662445       -0.00530207 
       -0.00649953       -0.01847905       -0.02734554       -0.03104687       -0.02691370       -0.01694119       -0.00541234 
       -0.00647792       -0.01842606       -0.02729946       -0.03108096       -0.02715552       -0.01724404       -0.00551829 
       -0.00645545       -0.01836848       -0.02724433       -0.03110379       -0.02738225       -0.01753360       -0.00561959 
       -0.00643045       -0.01830518       -0.02718222       -0.03111595       -0.02759415       -0.01780868       -0.00571603 
       -0.00640360       -0.01823682       -0.02711201       -0.03111815       -0.02779216       -0.01807135       -0.00580800 
       -0.00637555       -0.01816452       -0.02703518       -0.03111053       -0.02797604       -0.01832116       -0.00589591 
       -0.00634572       -0.01808709       -0.02695119       -0.03109342       -0.02814639       -0.01855856       -0.00597957 
       -0.00631493       -0.01800710       -0.02686095       -0.03106689       -0.02830428       -0.01878393       -0.00605872 
       -0.00628269       -0.01792252       -0.02676493       -0.03103244       -0.02844954       -0.01899797       -0.00613415 
       -0.00624871       -0.01783419       -0.02666295       -0.03098917       -0.02858210       -0.01920068       -0.00620601 
       -0.00621432       -0.01774299       -0.02655566       -0.03093851       -0.02870345       -0.01939225       -0.00627372 
       -0.00617841       -0.01764822       -0.02644324       -0.03088015       -0.02881324       -0.01957333       -0.00633797 
       -0.00614178       -0.01755118       -0.02632618       -0.03081441       -0.02891189       -0.01974422       -0.00639901 
       -0.00610384       -0.01745087       -0.02620482       -0.03074205       -0.02900004       -0.01990467       -0.00645626 
       -0.00606570       -0.01734865       -0.02607870       -0.03066325       -0.02907825       -0.02005553       -0.00651017 
       -0.00602660       -0.01724404       -0.02594888       -0.03057802       -0.02914619       -0.02019626       -0.00656062 
       -0.00598660       -0.01713705       -0.02581513       -0.03048676       -0.02920479       -0.02032846       -0.00660837 
       -0.00594598       -0.01702809       -0.02567810       -0.03039020       -0.02925402       -0.02045137       -0.00665277 
       -0.00590490       -0.01691782       -0.02553821       -0.03028795       -0.02929384       -0.02056593       -0.00669432 
       -0.00586323       -0.01680538       -0.02539441       -0.03018010       -0.02932554       -0.02067161       -0.00673303 
       -0.00582112       -0.01669151       -0.02524811       -0.03006786       -0.02934876       -0.02076948       -0.00676903 
       -0.00577834       -0.01657611       -0.02509934       -0.02995133       -0.02936420       -0.02085936       -0.00680208 
       -0.00573508       -0.01645917       -0.02494764       -0.02982971       -0.02937114       -0.02094102       -0.00683239 
       -0.00569159       -0.01634112       -0.02479342       -0.02970400       -0.02937096       -0.02101529       -0.00686023 
       -0.00564784       -0.01622239       -0.02463779       -0.02957469       -0.02936360       -0.02108270       -0.00688589 
       -0.00560370       -0.01610255       -0.02447957       -0.02944100       -0.02934903       -0.02114296       -0.00690889 
       -0.00555947       -0.01598182       -0.02432001       -0.02930406       -0.02932781       -0.02119613       -0.00692943 
       -0.00551483       -0.01586011       -0.02415821       -0.02916372       -0.02930009       -0.02124253       -0.00694764 
       -0.00547017       -0.01573801       -0.02399543       -0.02902028       -0.02926582       -0.02128303       -0.00696403 
       -0.00542568       -0.01561582       -0.02383095       -0.02887344       -0.02922601       -0.02131706       -0.00697815 
       -0.00538029       -0.01549196       -0.02366525       -0.02872428       -0.02917975       -0.02134520       -0.00699021 
       -0.00533515       -0.01536852       -0.02349842       -0.02857178       -0.02912807       -0.02136731       -0.00700006 
       -0.00528996       -0.01524448       -0.02333057       -0.02841714       -0.02907109       -0.02138376       -0.00700828 
       -0.00524469       -0.01511994       -0.02316153       -0.02825978       -0.02900851       -0.02139485       -0.00701439 
       -0.00519979       -0.01499617       -0.02299207       -0.02810043       -0.02894107       -0.02140030       -0.00701877 
       -0.00515449       -0.01487142       -0.02282161       -0.02793884       -0.02886912       -0.02140087       -0.00702135 
       -0.00510935       -0.01474699       -0.02265072       -0.02777529       -0.02879238       -0.02139598       -0.00702205 
       -0.00506395       -0.01462221       -0.02247936       -0.02760977       -0.02871081       -0.02138716       -0.00702144 
       -0.00501911       -0.01449782       -0.02230725       -0.02744257       -0.02862519       -0.02137312       -0.00701913 
       -0.00497419       -0.01437351       -0.02213520       -0.02727404       -0.02853519       -0.02135441       -0.00701496 
       -0.00492902       -0.01424876       -0.02196252       -0.02710402       -0.02844149       -0.02133164       -0.00700966 
       -0.00488417       -0.01412484       -0.02179006       -0.02693245       -0.02834392       -0.02130455       -0.00700289 
       -0.00483966       -0.01400107       -0.02161717       -0.02675954       -0.02824256       -0.02127331       -0.00699455 
       -0.00479516       -0.01387733       -0.02144402       -0.02658546       -0.02813786       -0.02123836       -0.00698505 
       -0.00475071       -0.01375419       -0.02127144       -0.02641034       -0.02802956       -0.02119949       -0.00697416 
       -0.00470653       -0.01363102       -0.02109843       -0.02623433       -0.02791798       -0.02115673       -0.00696179 
       -0.00466257       -0.01350862       -0.02092588       -0.02605730       -0.02780354       -0.02111053       -0.00694825 
       -0.00461870       -0.01338643       -0.02075362       -0.02587974       -0.02768606       -0.02106094       -0.00693385 
       -0.00457510       -0.01326472       -0.02058128       -0.02570111       -0.02756560       -0.02100784       -0.00691789 
       -0.00453158       -0.01314351       -0.02040952       -0.02552199       -0.02744234       -0.02095163       -0.00690097 
       -0.00448860       -0.01302311       -0.02023792       -0.02534229       -0.02731657       -0.02089238       -0.00688295 
       -0.00444548       -0.01290286       -0.02006683       -0.02516192       -0.02718827       -0.02083001       -0.00686395 
       -0.00440273       -0.01278329       -0.01989636       -0.02498147       -0.02705783       -0.02076507       -0.00684404 
       -0.00436045       -0.01266432       -0.01972577       -0.02480039       -0.02692488       -0.02069724       -0.00682324 
       -0.00431819       -0.01254606       -0.01955616       -0.02461904       -0.02678984       -0.02062672       -0.00680134 
       -0.00427614       -0.01242825       -0.01938707       -0.02443752       -0.02665284       -0.02055353       -0.00677864 
       -0.00423443       -0.01231110       -0.01921850       -0.02425602       -0.02651376       -0.02047792       -0.00675492 
       -0.00419304       -0.01219472       -0.01905048       -0.02407411       -0.02637291       -0.02039999       -0.00673060 
       -0.00415155       -0.01207861       -0.01888332       -0.02389231       -0.02622998       -0.02031991       -0.00670537 
       -0.00411063       -0.01196361       -0.01871669       -0.02371049       -0.02608591       -0.02023736       -0.00667931 
       -0.00407030       -0.01184934       -0.01855063       -0.02352864       -0.02593994       -0.02015275       -0.00665264 
       -0.00402986       -0.01173556       -0.01838535       -0.02334678       -0.02579212       -0.02006614       -0.00662518 
       -0.00398985       -0.01162264       -0.01822111       -0.02316537       -0.02564341       -0.01997769       -0.00659710 
       -0.00395007       -0.01151052       -0.01805764       -0.02298397       -0.02549297       -0.01988724       -0.00656834 
       -0.00391066       -0.01139891       -0.01789469       -0.02280274       -0.02534160       -0.01979518       -0.00653915 
       -0.00387129       -0.01128817       -0.01773286       -0.02262211       -0.02518916       -0.01970124       -0.00650907 
       -0.00383249       -0.01117820       -0.01757166       -0.02244151       -0.02503532       -0.01960582       -0.00647850 
       -0.00379381       -0.01106897       -0.01741147       -0.02226120       -0.02488041       -0.01950893       -0.00644749 
       -0.00375551       -0.01096046       -0.01725200       -0.02208143       -0.02472451       -0.01941034       -0.00641587 
       -0.00371738       -0.01085269       -0.01709339       -0.02190202       -0.02456787       -0.01931015       -0.00638378 
       -0.00368002       -0.01074609       -0.01693574       -0.02172300       -0.02441043       -0.01920897       -0.00635123 
       -0.00364238       -0.01063979       -0.01677901       -0.02154446       -0.02425206       -0.01910615       -0.00631818 
       -0.00360522       -0.01053438       -0.01662323       -0.02136654       -0.02409303       -0.01900253       -0.00628486 
       -0.00356839       -0.01042977       -0.01646844       -0.02118912       -0.02393335       -0.01889747       -0.00625089 
       -0.00353196       -0.01032627       -0.01631472       -0.02101207       -0.02377295       -0.01879117       -0.00621666 
       -0.00349575       -0.01022322       -0.01616165       -0.02083594       -0.02361235       -0.01868415       -0.00618210 
       -0.00345987       -0.01012105       -0.01600963       -0.02066022       -0.02345078       -0.01857588       -0.00614706 
       -0.00342429       -0.01001981       -0.01585868       -0.02048527       -0.02328932       -0.01846695       -0.00611185 
       -0.00338901       -0.00991917       -0.01570883       -0.02031100       -0.02312703       -0.01835674       -0.00607613 
       -0.00335403       -0.00981964       -0.01555988       -0.02013713       -0.02296460       -0.01824605       -0.00604025 
       -0.00331940       -0.00972074       -0.01541184       -0.01996426       -0.02280197       -0.01813456       -0.00600410 
       -0.00328505       -0.00962265       -0.01526485       -0.01979199       -0.02263889       -0.01802221       -0.00596760 
       -0.00325096       -0.00952527       -0.01511890       -0.01962054       -0.02247578       -0.01790905       -0.00593083 
       -0.00321729       -0.00942886       -0.01497383       -0.01944971       -0.02231251       -0.01779550       -0.00589386 
       -0.00318362       -0.00933288       -0.01482981       -0.01927984       -0.02214900       -0.01768126       -0.00585673 
       -0.00315071       -0.00923847       -0.01468709       -0.01911062       -0.02198568       -0.01756638       -0.00581926 
       -0.00311764       -0.00914405       -0.01454498       -0.01894221       -0.02182209       -0.01745108       -0.00578180 
       -0.00308508       -0.00905079       -0.01440433       -0.01877491       -0.02165863       -0.01733524       -0.00574404 
       -0.00305273       -0.00895829       -0.01426457       -0.01860818       -0.02149501       -0.01721917       -0.00570619 
       -0.00302078       -0.00886655       -0.01412562       -0.01844227       -0.02133174       -0.01710233       -0.00566801 
       -0.00298906       -0.00877559       -0.01398778       -0.01827735       -0.02116853       -0.01698539       -0.00562988 
       -0.00295771       -0.00868559       -0.01385114       -0.01811323       -0.02100538       -0.01686819       -0.00559153 
       -0.00292660       -0.00859620       -0.01371543       -0.01795006       -0.02084243       -0.01675054       -0.00555313 
       -0.00289594       -0.00850785       -0.01358084       -0.01778784       -0.02067979       -0.01663281       -0.00551470 
       -0.00286533       -0.00842004       -0.01344723       -0.01762645       -0.02051722       -0.01651485       -0.00547609 
       -0.00283501       -0.00833282       -0.01331449       -0.01746595       -0.02035497       -0.01639646       -0.00543732 
       -0.00280515       -0.00824676       -0.01318294       -0.01730645       -0.02019323       -0.01627810       -0.00539853 
       -0.00277545       -0.00816138       -0.01305248       -0.01714787       -0.02003160       -0.01615979       -0.00535992 
       -0.00274605       -0.00807676       -0.01292297       -0.01699007       -0.01987033       -0.01604117       -0.00532099 
       -0.00271682       -0.00799263       -0.01279444       -0.01683344       -0.01970951       -0.01592265       -0.00528223 
       -0.00268807       -0.00790964       -0.01266704       -0.01667768       -0.01954907       -0.01580402       -0.00524326 
       -0.00265941       -0.00782703       -0.01254044       -0.01652281       -0.01938905       -0.01568529       -0.00520433 
       -0.00263117       -0.00774543       -0.01241505       -0.01636901       -0.01922949       -0.01556678       -0.00516546 
       -0.00260315       -0.00766450       -0.01229069       -0.01621616       -0.01907033       -0.01544818       -0.00512658 
       -0.00257526       -0.00758421       -0.01216730       -0.01606427       -0.01891182       -0.01532972       -0.00508771 
       -0.00254791       -0.00750498       -0.01204501       -0.01591334       -0.01875371       -0.01521124       -0.00504870 
       -0.00252060       -0.00742611       -0.01192361       -0.01576352       -0.01859623       -0.01509312       -0.00501000 
       -0.00249372       -0.00734815       -0.01180318       -0.01561451       -0.01843919       -0.01497500       -0.00497117 
       -0.00246701       -0.00727096       -0.01168387       -0.01546654       -0.01828277       -0.01485705       -0.00493243 
       -0.00244050       -0.00719427       -0.01156540       -0.01531963       -0.01812686       -0.01473935       -0.00489368 
       -0.00241423       -0.00711836       -0.01144812       -0.01517369       -0.01797163       -0.01462176       -0.00485508 
       -0.00238825       -0.00704315       -0.01133162       -0.01502869       -0.01781714       -0.01450443       -0.00481648 
       -0.00236268       -0.00696884       -0.01121619       -0.01488478       -0.01766315       -0.01438737       -0.00477792 
       -0.00233724       -0.00689517       -0.01110183       -0.01474179       -0.01750985       -0.01427060       -0.00473953 
       -0.00231200       -0.00682196       -0.01098831       -0.01459993       -0.01735729       -0.01415414       -0.00470125 
       -0.00228717       -0.00674969       -0.01087582       -0.01445891       -0.01720521       -0.01403800       -0.00466297 
       -0.00226239       -0.00667804       -0.01076443       -0.01431897       -0.01705380       -0.01392195       -0.00462476 
       -0.00223791       -0.00660692       -0.01065379       -0.01418006       -0.01690327       -0.01380643       -0.00458667 
       -0.00221375       -0.00653663       -0.01054421       -0.01404217       -0.01675351       -0.01369119       -0.00454874 
       -0.00218973       -0.00646695       -0.01043558       -0.01390523       -0.01660430       -0.01357643       -0.00451093 
       -0.00216614       -0.00639808       -0.01032782       -0.01376930       -0.01645590       -0.01346196       -0.00447320 
       -0.00214253       -0.00632963       -0.01022106       -0.01363441       -0.01630831       -0.01334783       -0.00443557 
       -0.00211933       -0.00626200       -0.01011530       -0.01350048       -0.01616144       -0.01323411       -0.00439810 
       -0.00209624       -0.00619492       -0.01001039       -0.01336768       -0.01601537       -0.01312095       -0.00436077 
       -0.00207346       -0.00612853       -0.00990638       -0.01323573       -0.01587005       -0.01300812       -0.00432352 
       -0.00205088       -0.00606282       -0.00980332       -0.01310479       -0.01572536       -0.01289584       -0.00428648 
       -0.00202856       -0.00599771       -0.00970124       -0.01297490       -0.01558168       -0.01278389       -0.00424960 
       -0.00200641       -0.00593322       -0.00960012       -0.01284616       -0.01543881       -0.01267251       -0.00421280 
       -0.00198458       -0.00586939       -0.00949965       -0.01271810       -0.01529668       -0.01256144       -0.00417615 
       -0.00196286       -0.00580612       -0.00940033       -0.01259126       -0.01515540       -0.01245102       -0.00413971 
       -0.00194140       -0.00574350       -0.00930181       -0.01246534       -0.01501483       -0.01234110       -0.00410340 
       -0.00192018       -0.00568154       -0.00920421       -0.01234044       -0.01487517       -0.01223163       -0.00406728 
       -0.00189915       -0.00562014       -0.00910755       -0.01221657       -0.01473646       -0.01212268       -0.00403124 
       -0.00187826       -0.00555917       -0.00901161       -0.01209366       -0.01459844       -0.01201429       -0.00399545 
       -0.00185763       -0.00549900       -0.00891669       -0.01197173       -0.01446140       -0.01190632       -0.00395975 
       -0.00183723       -0.00543936       -0.00882256       -0.01185077       -0.01432519       -0.01179902       -0.00392431 
       -0.00181701       -0.00538028       -0.00872926       -0.01173073       -0.01418969       -0.01169227       -0.00388903 
       -0.00179698       -0.00532179       -0.00863685       -0.01161169       -0.01405522       -0.01158597       -0.00385385 
       -0.00177716       -0.00526384       -0.00854538       -0.01149376       -0.01392153       -0.01148033       -0.00381894 
       -0.00175762       -0.00520655       -0.00845463       -0.01137666       -0.01378874       -0.01137528       -0.00378424 
       -0.00173822       -0.00514987       -0.00836486       -0.01126056       -0.01365677       -0.01127067       -0.00374961 
       -0.00171911       -0.00509373       -0.00827579       -0.01114540       -0.01352580       -0.01116678       -0.00371525 
       -0.00170003       -0.00503801       -0.00818759       -0.01103120       -0.01339559       -0.01106352       -0.00368107 
       -0.00168126       -0.00498295       -0.00810023       -0.01091800       -0.01326632       -0.01096072       -0.00364706 
       -0.00166262       -0.00492839       -0.00801362       -0.01080568       -0.01313797       -0.01085864       -0.00361329 
       -0.00164424       -0.00487439       -0.00792785       -0.01069435       -0.01301049       -0.01075704       -0.00357969 
       -0.00162596       -0.00482091       -0.00784295       -0.01058400       -0.01288389       -0.01065615       -0.00354628 
       -0.00160791       -0.00476802       -0.00775884       -0.01047451       -0.01275803       -0.01055580       -0.00351307 
       -0.00159000       -0.00471552       -0.00767543       -0.01036603       -0.01263328       -0.01045610       -0.00348002 
       -0.00157237       -0.00466370       -0.00759285       -0.01025844       -0.01250938       -0.01035698       -0.00344723 
       -0.00155480       -0.00461230       -0.00751112       -0.01015177       -0.01238630       -0.01025859       -0.00341465 
       -0.00153755       -0.00456151       -0.00743009       -0.01004605       -0.01226412       -0.01016073       -0.00338223 
       -0.00152038       -0.00451117       -0.00734989       -0.00994124       -0.01214290       -0.01006357       -0.00335005 
       -0.00150344       -0.00446133       -0.00727037       -0.00983727       -0.01202249       -0.00996701       -0.00331805 
       -0.00148666       -0.00441203       -0.00719165       -0.00973425       -0.01190300       -0.00987116       -0.00328628 
       -0.00147000       -0.00436319       -0.00711376       -0.00963221       -0.01178447       -0.00977582       -0.00325471 
       -0.00145363       -0.00431488       -0.00703654       -0.00953102       -0.01166673       -0.00968125       -0.00322341 
       -0.00143726       -0.00426698       -0.00696009       -0.00943072       -0.01154993       -0.00958723       -0.00319225 
       -0.00142117       -0.00421962       -0.00688435       -0.00933126       -0.01143404       -0.00949387       -0.00316129 
       -0.00140524       -0.00417279       -0.00680938       -0.00923271       -0.01131900       -0.00940124       -0.00313060 
       -0.00138946       -0.00412634       -0.00673506       -0.00913513       -0.01120496       -0.00930919       -0.00310006 
       -0.00137389       -0.00408045       -0.00666156       -0.00903833       -0.01109163       -0.00921775       -0.00306974 
       -0.00135843       -0.00403506       -0.00658878       -0.00894244       -0.01097934       -0.00912693       -0.00303963 
       -0.00134316       -0.00399001       -0.00651659       -0.00884736       -0.01086784       -0.00903686       -0.00300980 
       -0.00132800       -0.00394545       -0.00644516       -0.00875318       -0.01075727       -0.00894748       -0.00298012 
       -0.00131299       -0.00390131       -0.00637446       -0.00865985       -0.01064759       -0.00885854       -0.00295062 
       -0.00129820       -0.00385769       -0.00630444       -0.00856733       -0.01053875       -0.00877048       -0.00292141 
       -0.00128355       -0.00381455       -0.00623515       -0.00847575       -0.01043081       -0.00868300       -0.00289241 
       -0.00126906       -0.00377177       -0.00616643       -0.00838497       -0.01032376       -0.00859617       -0.00286360 
       -0.00125468       -0.00372942       -0.00609845       -0.00829504       -0.01021761       -0.00850999       -0.00283502 
       -0.00124046       -0.00368761       -0.00603120       -0.00820589       -0.01011225       -0.00842444       -0.00280663 
       -0.00122642       -0.00364614       -0.00596453       -0.00811760       -0.01000781       -0.00833955       -0.00277847 
       -0.00121250       -0.00360513       -0.00589852       -0.00803004       -0.00990418       -0.00825531       -0.00275051 
       -0.00119878       -0.00356458       -0.00583322       -0.00794344       -0.00980152       -0.00817172       -0.00272276 
       -0.00118517       -0.00352440       -0.00576853       -0.00785761       -0.00969965       -0.00808877       -0.00269521 
       -0.00117164       -0.00348458       -0.00570449       -0.00777254       -0.00959863       -0.00800648       -0.00266786 
       -0.00115837       -0.00344528       -0.00564109       -0.00768829       -0.00949852       -0.00792486       -0.00264080 
       -0.00114513       -0.00340629       -0.00557833       -0.00760482       -0.00939916       -0.00784390       -0.00261394 
       -0.00113209       -0.00336781       -0.00551625       -0.00752212       -0.00930074       -0.00776353       -0.00258724 
       -0.00111924       -0.00332972       -0.00545469       -0.00744022       -0.00920312       -0.00768381       -0.00256075 
       -0.00110639       -0.00329193       -0.00539384       -0.00735916       -0.00910640       -0.00760479       -0.00253451 
       -0.00109376       -0.00325462       -0.00533359       -0.00727883       -0.00901049       -0.00752638       -0.00250845 
       -0.00108128       -0.00321766       -0.00527388       -0.00719922       -0.00891536       -0.00744864       -0.00248264 
       -0.00106890       -0.00318111       -0.00521481       -0.00712039       -0.00882107       -0.00737156       -0.00245704 
       -0.00105665       -0.00314493       -0.00515639       -0.00704235       -0.00872765       -0.00729500       -0.00243162 
       -0.00104450       -0.00310909       -0.00509850       -0.00696501       -0.00863503       -0.00721914       -0.00240642 
       -0.00103261       -0.00307376       -0.00504124       -0.00688845       -0.00854321       -0.00714394       -0.00238144 
       -0.00102074       -0.00303868       -0.00498451       -0.00681265       -0.00845227       -0.00706936       -0.00235666 
       -0.00100899       -0.00300400       -0.00492842       -0.00673758       -0.00836209       -0.00699537       -0.00233205 
       -0.00099739       -0.00296969       -0.00487286       -0.00666320       -0.00827270       -0.00692201       -0.00230768 
       -0.00098589       -0.00293569       -0.00481787       -0.00658959       -0.00818417       -0.00684935       -0.00228354 
       -0.00097455       -0.00290210       -0.00476344       -0.00651666       -0.00809637       -0.00677725       -0.00225960 
       -0.00096332       -0.00286888       -0.00470960       -0.00644445       -0.00800939       -0.00670581       -0.00223584 
       -0.00095221       -0.00283598       -0.00465630       -0.00637294       -0.00792319       -0.00663494       -0.00221229 
       -0.00094121       -0.00280345       -0.00460357       -0.00630221       -0.00783785       -0.00656471       -0.00218893 
       -0.00093032       -0.00277123       -0.00455136       -0.00623209       -0.00775320       -0.00649511       -0.00216580 
       -0.00091958       -0.00273942       -0.00449971       -0.00616271       -0.00766939       -0.00642609       -0.00214284 
       -0.00090895       -0.00270791       -0.00444856       -0.00609399       -0.00758631       -0.00635767       -0.00212012 
       -0.00089842       -0.00267673       -0.00439796       -0.00602591       -0.00750398       -0.00628989       -0.00209757 
       -0.00088797       -0.00264584       -0.00434789       -0.00595864       -0.00742251       -0.00622271       -0.00207525 
       -0.00087770       -0.00261537       -0.00429833       -0.00589190       -0.00734169       -0.00615611       -0.00205310 
       -0.00086750       -0.00258517       -0.00424929       -0.00582591       -0.00726170       -0.00609007       -0.00203113 
       -0.00085744       -0.00255531       -0.00420076       -0.00576054       -0.00718242       -0.00602466       -0.00200936 
       -0.00084748       -0.00252580       -0.00415276       -0.00569586       -0.00710392       -0.00595984       -0.00198781 
       -0.00083761       -0.00249655       -0.00410524       -0.00563181       -0.00702613       -0.00589561       -0.00196645 
       -0.00082782       -0.00246758       -0.00405819       -0.00556841       -0.00694907       -0.00583198       -0.00194529 
       -0.00081821       -0.00243904       -0.00401172       -0.00550568       -0.00687277       -0.00576891       -0.00192430 
       -0.00080866       -0.00241073       -0.00396565       -0.00544350       -0.00679714       -0.00570641       -0.00190351 
       -0.00079921       -0.00238272       -0.00392008       -0.00538202       -0.00672231       -0.00564452       -0.00188293 
       -0.00078989       -0.00235507       -0.00387504       -0.00532117       -0.00664813       -0.00558316       -0.00186251 
       -0.00078063       -0.00232764       -0.00383044       -0.00526091       -0.00657468       -0.00552236       -0.00184227 
       -0.00077152       -0.00230058       -0.00378631       -0.00520128       -0.00650196       -0.00546217       -0.00182224 
       -0.00076249       -0.00227378       -0.00374266       -0.00514223       -0.00642991       -0.00540251       -0.00180240 
       -0.00075355       -0.00224724       -0.00369944       -0.00508381       -0.00635862       -0.00534342       -0.00178273 
       -0.00074469       -0.00222101       -0.00365672       -0.00502600       -0.00628797       -0.00528489       -0.00176326 
       -0.00073597       -0.00219510       -0.00361443       -0.00496876       -0.00621801       -0.00522691       -0.00174397 
       -0.00072734       -0.00216943       -0.00357259       -0.00491211       -0.00614873       -0.00516945       -0.00172485 
       -0.00071879       -0.00214408       -0.00353122       -0.00485606       -0.00608014       -0.00511257       -0.00170591 
       -0.00071032       -0.00211896       -0.00349029       -0.00480061       -0.00601224       -0.00505621       -0.00168715 
       -0.00070196       -0.00209414       -0.00344977       -0.00474567       -0.00594495       -0.00500039       -0.00166857 
       -0.00069371       -0.00206960       -0.00340970       -0.00469134       -0.00587839       -0.00494512       -0.00165018 
       -0.00068553       -0.00204531       -0.00337005       -0.00463758       -0.00581246       -0.00489036       -0.00163193 
       -0.00067744       -0.00202130       -0.00333087       -0.00458437       -0.00574717       -0.00483613       -0.00161388 
       -0.00066945       -0.00199754       -0.00329204       -0.00453171       -0.00568256       -0.00478244       -0.00159600 
       -0.00066155       -0.00197406       -0.00325368       -0.00447962       -0.00561855       -0.00472926       -0.00157830 
       -0.00065371       -0.00195080       -0.00321573       -0.00442808       -0.00555524       -0.00467657       -0.00156075 
       -0.00064599       -0.00192783       -0.00317817       -0.00437707       -0.00549256       -0.00462443       -0.00154339 
       -0.00063835       -0.00190513       -0.00314102       -0.00432656       -0.00543046       -0.00457280       -0.00152620 
       -0.00063077       -0.00188263       -0.00310429       -0.00427664       -0.00536903       -0.00452166       -0.00150917 
       -0.00062331       -0.00186042       -0.00306795       -0.00422719       -0.00530818       -0.00447104       -0.00149232 
       -0.00061593       -0.00183845       -0.00303200       -0.00417831       -0.00524796       -0.00442091       -0.00147562 
       -0.00060858       -0.00181668       -0.00299644       -0.00412993       -0.00518837       -0.00437126       -0.00145908 
       -0.00060136       -0.00179518       -0.00296125       -0.00408204       -0.00512935       -0.00432213       -0.00144271 
       -0.00059422       -0.00177393       -0.00292647       -0.00403471       -0.00507099       -0.00427346       -0.00142650 
       -0.00058715       -0.00175290       -0.00289207       -0.00398786       -0.00501320       -0.00422527       -0.00141045 
       -0.00058014       -0.00173210       -0.00285802       -0.00394148       -0.00495597       -0.00417761       -0.00139457 
       -0.00057324       -0.00171155       -0.00282438       -0.00389564       -0.00489937       -0.00413037       -0.00137885 
       -0.00056639       -0.00169121       -0.00279109       -0.00385024       -0.00484330       -0.00408363       -0.00136326 
       -0.00055965       -0.00167111       -0.00275816       -0.00380537       -0.00478785       -0.00403739       -0.00134786 
       -0.00055296       -0.00165123       -0.00272559       -0.00376096       -0.00473296       -0.00399155       -0.00133259 
       -0.00054634       -0.00163157       -0.00269340       -0.00371703       -0.00467864       -0.00394623       -0.00131749 
       -0.00053982       -0.00161213       -0.00266153       -0.00367357       -0.00462490       -0.00390134       -0.00130253 
       -0.00053336       -0.00159292       -0.00263005       -0.00363059       -0.00457169       -0.00385693       -0.00128773 
       -0.00052699       -0.00157393       -0.00259889       -0.00358806       -0.00451904       -0.00381294       -0.00127308 
       -0.00052066       -0.00155512       -0.00256808       -0.00354600       -0.00446694       -0.00376942       -0.00125858 
       -0.00051441       -0.00153655       -0.00253762       -0.00350438       -0.00441539       -0.00372634       -0.00124422 
       -0.00050824       -0.00151816       -0.00250748       -0.00346323       -0.00436437       -0.00368371       -0.00123001 
       -0.00050214       -0.00149999       -0.00247769       -0.00342252       -0.00431390       -0.00364150       -0.00121595 
       -0.00049612       -0.00148204       -0.00244823       -0.00338226       -0.00426395       -0.00359974       -0.00120203 
       -0.00049015       -0.00146428       -0.00241909       -0.00334242       -0.00421451       -0.00355840       -0.00118825 
       -0.00048425       -0.00144673       -0.00239028       -0.00330301       -0.00416560       -0.00351751       -0.00117462 
       -0.00047841       -0.00142936       -0.00236179       -0.00326406       -0.00411724       -0.00347702       -0.00116112 
       -0.00047266       -0.00141221       -0.00233361       -0.00322552       -0.00406936       -0.00343696       -0.00114777 
       -0.00046696       -0.00139524       -0.00230576       -0.00318739       -0.00402199       -0.00339731       -0.00113454 
       -0.00046133       -0.00137846       -0.00227822       -0.00314970       -0.00397515       -0.00335808       -0.00112147 
       -0.00045576       -0.00136187       -0.00225098       -0.00311241       -0.00392879       -0.00331926       -0.00110853 
       -0.00045025       -0.00134548       -0.00222405       -0.00307553       -0.00388291       -0.00328084       -0.00109572 
       -0.00044481       -0.00132927       -0.00219741       -0.00303905       -0.00383754       -0.00324284       -0.00108306 
       -0.00043943       -0.00131322       -0.00217108       -0.00300298       -0.00379263       -0.00320521       -0.00107051 
       -0.00043412       -0.00129738       -0.00214505       -0.00296732       -0.00374822       -0.00316799       -0.00105810 
       -0.00042887       -0.00128173       -0.00211931       -0.00293203       -0.00370428       -0.00313118       -0.00104582 
       -0.00042366       -0.00126623       -0.00209384       -0.00289715       -0.00366083       -0.00309476       -0.00103368 
       -0.00041853       -0.00125093       -0.00206868       -0.00286265       -0.00361785       -0.00305870       -0.00102166 
       -0.00041344       -0.00123580       -0.00204381       -0.00282854       -0.00357531       -0.00302304       -0.00100976 
       -0.00040843       -0.00122084       -0.00201922       -0.00279480       -0.00353326       -0.00298776       -0.00099800 
