# EIG2DOS: Utility for SIESTA to obtain the electronic density of states
#  E. Artacho, Apr 1999, A. Garcia, Apr 2012
#  Nick R. Papior, Feb 2017
# ------------------------------------------
# Eigenvalues read from Fe.EIG
# Kpoint weights read from Fe.KP
# Using smearing parameter:   0.2000
# Using 1000 points in the energy range
# Selected bands: 1 to: 38
# Emin, Emax in file for selected band(s):    -91.7901190    229.3201370
# Nbands, Nspin, Nk   =     38     2 63800
# E_F                 =    -4.2944 eV --> (shifted to ZERO)
# Broadening          =     0.2000 eV
#
#        E            N(up)        N(down)         Ntot
    -92.990119      0.000000      0.000000      0.000000
    -92.887026      0.000000      0.000000      0.000000
    -92.783933      0.000000      0.000000      0.000000
    -92.680839      0.000000      0.000000      0.000000
    -92.577746      0.000000      0.000000      0.000000
    -92.474653      0.000000      0.000000      0.000000
    -92.371560      0.000000      0.000000      0.000000
    -92.268467      0.000000      0.000000      0.000000
    -92.165373      0.000000      0.000000      0.000000
    -92.062280      0.000000      0.000000      0.000000
    -91.959187      0.000000      0.000000      0.000000
    -91.856094      0.000000      0.000000      0.000000
    -91.753000      0.000000      0.000000      0.000000
    -91.649907      0.000000      0.000000      0.000000
    -91.546814      0.000000      0.000000      0.000000
    -91.443721      0.000000      0.000000      0.000000
    -91.340628      0.000000      0.000000      0.000000
    -91.237534      0.000000      0.000000      0.000000
    -91.134441      0.000000      0.000000      0.000000
    -91.031348      0.000000      0.000000      0.000000
    -90.928255      0.000000      0.000000      0.000000
    -90.825162      0.000000      0.000000      0.000000
    -90.722068      0.000000      0.000000      0.000000
    -90.618975      0.000000      0.000000      0.000000
    -90.515882      0.000000      0.000000      0.000000
    -90.412789      0.000000      0.000000      0.000000
    -90.309695      0.000000      0.000000      0.000000
    -90.206602      0.000000      0.000000      0.000000
    -90.103509      0.000000      0.000000      0.000000
    -90.000416      0.000000      0.000000      0.000000
    -89.897323      0.000000      0.000000      0.000000
    -89.794229      0.000000      0.000000      0.000000
    -89.691136      0.000000      0.000000      0.000000
    -89.588043      0.000000      0.000000      0.000000
    -89.484950      0.000000      0.000000      0.000000
    -89.381857      0.000000      0.000000      0.000000
    -89.278763      0.000000      0.000000      0.000000
    -89.175670      0.000000      0.000000      0.000000
    -89.072577      0.000000      0.000000      0.000000
    -88.969484      0.000000      0.000000      0.000000
    -88.866391      0.000000      0.000000      0.000000
    -88.763297      0.000000      0.000000      0.000000
    -88.660204      0.000000      0.000000      0.000000
    -88.557111      0.000000      0.000000      0.000000
    -88.454018      0.000000      0.000000      0.000000
    -88.350924      0.000000      0.000000      0.000000
    -88.247831      0.000000      0.000000      0.000000
    -88.144738      0.000011      0.000000      0.000011
    -88.041645      0.000330      0.000000      0.000330
    -87.938552      0.005994      0.000000      0.005994
    -87.835458      0.065547      0.000000      0.065547
    -87.732365      0.429988      0.000000      0.429988
    -87.629272      1.688696      0.000000      1.688696
    -87.526179      3.962272      0.000000      3.962272
    -87.423086      5.543629      0.000000      5.543629
    -87.319992      4.616857      0.000000      4.616857
    -87.216899      2.285303      0.000000      2.285303
    -87.113806      0.671470      0.000000      0.671470
    -87.010713      0.116983      0.000000      0.116983
    -86.907619      0.012074      0.000000      0.012074
    -86.804526      0.000738      0.000000      0.000738
    -86.701433      0.000027      0.000000      0.000027
    -86.598340      0.000001      0.000000      0.000001
    -86.495247      0.000000      0.000000      0.000000
    -86.392153      0.000000      0.000000      0.000000
    -86.289060      0.000000      0.000000      0.000000
    -86.185967      0.000000      0.000000      0.000000
    -86.082874      0.000000      0.000000      0.000000
    -85.979781      0.000000      0.000000      0.000000
    -85.876687      0.000000      0.000000      0.000000
    -85.773594      0.000000      0.000000      0.000000
    -85.670501      0.000000      0.000018      0.000018
    -85.567408      0.000000      0.000495      0.000495
    -85.464315      0.000000      0.008252      0.008252
    -85.361221      0.000000      0.083530      0.083530
    -85.258128      0.000000      0.511645      0.511645
    -85.155035      0.000000      1.889122      1.889122
    -85.051942      0.000000      4.188555      4.188555
    -84.948848      0.000000      5.557637      5.557637
    -84.845755      0.000000      4.400092      4.400092
    -84.742662      0.000000      2.073593      2.073593
    -84.639569      0.000000      0.580526      0.580526
    -84.536476      0.000000      0.096399      0.096399
    -84.433382      0.000000      0.009483      0.009483
    -84.330289      0.000000      0.000552      0.000552
    -84.227196      0.000000      0.000019      0.000019
    -84.124103      0.000000      0.000000      0.000000
    -84.021010      0.000000      0.000000      0.000000
    -83.917916      0.000000      0.000000      0.000000
    -83.814823      0.000000      0.000000      0.000000
    -83.711730      0.000000      0.000000      0.000000
    -83.608637      0.000000      0.000000      0.000000
    -83.505543      0.000000      0.000000      0.000000
    -83.402450      0.000000      0.000000      0.000000
    -83.299357      0.000000      0.000000      0.000000
    -83.196264      0.000000      0.000000      0.000000
    -83.093171      0.000000      0.000000      0.000000
    -82.990077      0.000000      0.000000      0.000000
    -82.886984      0.000000      0.000000      0.000000
    -82.783891      0.000000      0.000000      0.000000
    -82.680798      0.000000      0.000000      0.000000
    -82.577705      0.000000      0.000000      0.000000
    -82.474611      0.000000      0.000000      0.000000
    -82.371518      0.000000      0.000000      0.000000
    -82.268425      0.000000      0.000000      0.000000
    -82.165332      0.000000      0.000000      0.000000
    -82.062239      0.000000      0.000000      0.000000
    -81.959145      0.000000      0.000000      0.000000
    -81.856052      0.000000      0.000000      0.000000
    -81.752959      0.000000      0.000000      0.000000
    -81.649866      0.000000      0.000000      0.000000
    -81.546772      0.000000      0.000000      0.000000
    -81.443679      0.000000      0.000000      0.000000
    -81.340586      0.000000      0.000000      0.000000
    -81.237493      0.000000      0.000000      0.000000
    -81.134400      0.000000      0.000000      0.000000
    -81.031306      0.000000      0.000000      0.000000
    -80.928213      0.000000      0.000000      0.000000
    -80.825120      0.000000      0.000000      0.000000
    -80.722027      0.000000      0.000000      0.000000
    -80.618934      0.000000      0.000000      0.000000
    -80.515840      0.000000      0.000000      0.000000
    -80.412747      0.000000      0.000000      0.000000
    -80.309654      0.000000      0.000000      0.000000
    -80.206561      0.000000      0.000000      0.000000
    -80.103467      0.000000      0.000000      0.000000
    -80.000374      0.000000      0.000000      0.000000
    -79.897281      0.000000      0.000000      0.000000
    -79.794188      0.000000      0.000000      0.000000
    -79.691095      0.000000      0.000000      0.000000
    -79.588001      0.000000      0.000000      0.000000
    -79.484908      0.000000      0.000000      0.000000
    -79.381815      0.000000      0.000000      0.000000
    -79.278722      0.000000      0.000000      0.000000
    -79.175629      0.000000      0.000000      0.000000
    -79.072535      0.000000      0.000000      0.000000
    -78.969442      0.000000      0.000000      0.000000
    -78.866349      0.000000      0.000000      0.000000
    -78.763256      0.000000      0.000000      0.000000
    -78.660163      0.000000      0.000000      0.000000
    -78.557069      0.000000      0.000000      0.000000
    -78.453976      0.000000      0.000000      0.000000
    -78.350883      0.000000      0.000000      0.000000
    -78.247790      0.000000      0.000000      0.000000
    -78.144696      0.000000      0.000000      0.000000
    -78.041603      0.000000      0.000000      0.000000
    -77.938510      0.000000      0.000000      0.000000
    -77.835417      0.000000      0.000000      0.000000
    -77.732324      0.000000      0.000000      0.000000
    -77.629230      0.000000      0.000000      0.000000
    -77.526137      0.000000      0.000000      0.000000
    -77.423044      0.000000      0.000000      0.000000
    -77.319951      0.000000      0.000000      0.000000
    -77.216858      0.000000      0.000000      0.000000
    -77.113764      0.000000      0.000000      0.000000
    -77.010671      0.000000      0.000000      0.000000
    -76.907578      0.000000      0.000000      0.000000
    -76.804485      0.000000      0.000000      0.000000
    -76.701391      0.000000      0.000000      0.000000
    -76.598298      0.000000      0.000000      0.000000
    -76.495205      0.000000      0.000000      0.000000
    -76.392112      0.000000      0.000000      0.000000
    -76.289019      0.000000      0.000000      0.000000
    -76.185925      0.000000      0.000000      0.000000
    -76.082832      0.000000      0.000000      0.000000
    -75.979739      0.000000      0.000000      0.000000
    -75.876646      0.000000      0.000000      0.000000
    -75.773553      0.000000      0.000000      0.000000
    -75.670459      0.000000      0.000000      0.000000
    -75.567366      0.000000      0.000000      0.000000
    -75.464273      0.000000      0.000000      0.000000
    -75.361180      0.000000      0.000000      0.000000
    -75.258086      0.000000      0.000000      0.000000
    -75.154993      0.000000      0.000000      0.000000
    -75.051900      0.000000      0.000000      0.000000
    -74.948807      0.000000      0.000000      0.000000
    -74.845714      0.000000      0.000000      0.000000
    -74.742620      0.000000      0.000000      0.000000
    -74.639527      0.000000      0.000000      0.000000
    -74.536434      0.000000      0.000000      0.000000
    -74.433341      0.000000      0.000000      0.000000
    -74.330248      0.000000      0.000000      0.000000
    -74.227154      0.000000      0.000000      0.000000
    -74.124061      0.000000      0.000000      0.000000
    -74.020968      0.000000      0.000000      0.000000
    -73.917875      0.000000      0.000000      0.000000
    -73.814782      0.000000      0.000000      0.000000
    -73.711688      0.000000      0.000000      0.000000
    -73.608595      0.000000      0.000000      0.000000
    -73.505502      0.000000      0.000000      0.000000
    -73.402409      0.000000      0.000000      0.000000
    -73.299315      0.000000      0.000000      0.000000
    -73.196222      0.000000      0.000000      0.000000
    -73.093129      0.000000      0.000000      0.000000
    -72.990036      0.000000      0.000000      0.000000
    -72.886943      0.000000      0.000000      0.000000
    -72.783849      0.000000      0.000000      0.000000
    -72.680756      0.000000      0.000000      0.000000
    -72.577663      0.000000      0.000000      0.000000
    -72.474570      0.000000      0.000000      0.000000
    -72.371477      0.000000      0.000000      0.000000
    -72.268383      0.000000      0.000000      0.000000
    -72.165290      0.000000      0.000000      0.000000
    -72.062197      0.000000      0.000000      0.000000
    -71.959104      0.000000      0.000000      0.000000
    -71.856010      0.000000      0.000000      0.000000
    -71.752917      0.000000      0.000000      0.000000
    -71.649824      0.000000      0.000000      0.000000
    -71.546731      0.000000      0.000000      0.000000
    -71.443638      0.000000      0.000000      0.000000
    -71.340544      0.000000      0.000000      0.000000
    -71.237451      0.000000      0.000000      0.000000
    -71.134358      0.000000      0.000000      0.000000
    -71.031265      0.000000      0.000000      0.000000
    -70.928172      0.000000      0.000000      0.000000
    -70.825078      0.000000      0.000000      0.000000
    -70.721985      0.000000      0.000000      0.000000
    -70.618892      0.000000      0.000000      0.000000
    -70.515799      0.000000      0.000000      0.000000
    -70.412706      0.000000      0.000000      0.000000
    -70.309612      0.000000      0.000000      0.000000
    -70.206519      0.000000      0.000000      0.000000
    -70.103426      0.000000      0.000000      0.000000
    -70.000333      0.000000      0.000000      0.000000
    -69.897239      0.000000      0.000000      0.000000
    -69.794146      0.000000      0.000000      0.000000
    -69.691053      0.000000      0.000000      0.000000
    -69.587960      0.000000      0.000000      0.000000
    -69.484867      0.000000      0.000000      0.000000
    -69.381773      0.000000      0.000000      0.000000
    -69.278680      0.000000      0.000000      0.000000
    -69.175587      0.000000      0.000000      0.000000
    -69.072494      0.000000      0.000000      0.000000
    -68.969401      0.000000      0.000000      0.000000
    -68.866307      0.000000      0.000000      0.000000
    -68.763214      0.000000      0.000000      0.000000
    -68.660121      0.000000      0.000000      0.000000
    -68.557028      0.000000      0.000000      0.000000
    -68.453934      0.000000      0.000000      0.000000
    -68.350841      0.000000      0.000000      0.000000
    -68.247748      0.000000      0.000000      0.000000
    -68.144655      0.000000      0.000000      0.000000
    -68.041562      0.000000      0.000000      0.000000
    -67.938468      0.000000      0.000000      0.000000
    -67.835375      0.000000      0.000000      0.000000
    -67.732282      0.000000      0.000000      0.000000
    -67.629189      0.000000      0.000000      0.000000
    -67.526096      0.000000      0.000000      0.000000
    -67.423002      0.000000      0.000000      0.000000
    -67.319909      0.000000      0.000000      0.000000
    -67.216816      0.000000      0.000000      0.000000
    -67.113723      0.000000      0.000000      0.000000
    -67.010630      0.000000      0.000000      0.000000
    -66.907536      0.000000      0.000000      0.000000
    -66.804443      0.000000      0.000000      0.000000
    -66.701350      0.000000      0.000000      0.000000
    -66.598257      0.000000      0.000000      0.000000
    -66.495163      0.000000      0.000000      0.000000
    -66.392070      0.000000      0.000000      0.000000
    -66.288977      0.000000      0.000000      0.000000
    -66.185884      0.000000      0.000000      0.000000
    -66.082791      0.000000      0.000000      0.000000
    -65.979697      0.000000      0.000000      0.000000
    -65.876604      0.000000      0.000000      0.000000
    -65.773511      0.000000      0.000000      0.000000
    -65.670418      0.000000      0.000000      0.000000
    -65.567325      0.000000      0.000000      0.000000
    -65.464231      0.000000      0.000000      0.000000
    -65.361138      0.000000      0.000000      0.000000
    -65.258045      0.000000      0.000000      0.000000
    -65.154952      0.000000      0.000000      0.000000
    -65.051858      0.000000      0.000000      0.000000
    -64.948765      0.000000      0.000000      0.000000
    -64.845672      0.000000      0.000000      0.000000
    -64.742579      0.000000      0.000000      0.000000
    -64.639486      0.000000      0.000000      0.000000
    -64.536392      0.000000      0.000000      0.000000
    -64.433299      0.000000      0.000000      0.000000
    -64.330206      0.000000      0.000000      0.000000
    -64.227113      0.000000      0.000000      0.000000
    -64.124020      0.000000      0.000000      0.000000
    -64.020926      0.000000      0.000000      0.000000
    -63.917833      0.000000      0.000000      0.000000
    -63.814740      0.000000      0.000000      0.000000
    -63.711647      0.000000      0.000000      0.000000
    -63.608554      0.000000      0.000000      0.000000
    -63.505460      0.000000      0.000000      0.000000
    -63.402367      0.000000      0.000000      0.000000
    -63.299274      0.000000      0.000000      0.000000
    -63.196181      0.000000      0.000000      0.000000
    -63.093087      0.000000      0.000000      0.000000
    -62.989994      0.000000      0.000000      0.000000
    -62.886901      0.000000      0.000000      0.000000
    -62.783808      0.000000      0.000000      0.000000
    -62.680715      0.000000      0.000000      0.000000
    -62.577621      0.000000      0.000000      0.000000
    -62.474528      0.000000      0.000000      0.000000
    -62.371435      0.000000      0.000000      0.000000
    -62.268342      0.000000      0.000000      0.000000
    -62.165249      0.000000      0.000000      0.000000
    -62.062155      0.000000      0.000000      0.000000
    -61.959062      0.000000      0.000000      0.000000
    -61.855969      0.000000      0.000000      0.000000
    -61.752876      0.000000      0.000000      0.000000
    -61.649782      0.000000      0.000000      0.000000
    -61.546689      0.000000      0.000000      0.000000
    -61.443596      0.000000      0.000000      0.000000
    -61.340503      0.000000      0.000000      0.000000
    -61.237410      0.000000      0.000000      0.000000
    -61.134316      0.000000      0.000000      0.000000
    -61.031223      0.000000      0.000000      0.000000
    -60.928130      0.000000      0.000000      0.000000
    -60.825037      0.000000      0.000000      0.000000
    -60.721944      0.000000      0.000000      0.000000
    -60.618850      0.000000      0.000000      0.000000
    -60.515757      0.000000      0.000000      0.000000
    -60.412664      0.000000      0.000000      0.000000
    -60.309571      0.000000      0.000000      0.000000
    -60.206478      0.000000      0.000000      0.000000
    -60.103384      0.000000      0.000000      0.000000
    -60.000291      0.000000      0.000000      0.000000
    -59.897198      0.000000      0.000000      0.000000
    -59.794105      0.000000      0.000000      0.000000
    -59.691011      0.000000      0.000000      0.000000
    -59.587918      0.000000      0.000000      0.000000
    -59.484825      0.000000      0.000000      0.000000
    -59.381732      0.000000      0.000000      0.000000
    -59.278639      0.000000      0.000000      0.000000
    -59.175545      0.000000      0.000000      0.000000
    -59.072452      0.000000      0.000000      0.000000
    -58.969359      0.000000      0.000000      0.000000
    -58.866266      0.000000      0.000000      0.000000
    -58.763173      0.000000      0.000000      0.000000
    -58.660079      0.000000      0.000000      0.000000
    -58.556986      0.000000      0.000000      0.000000
    -58.453893      0.000000      0.000000      0.000000
    -58.350800      0.000000      0.000000      0.000000
    -58.247706      0.000000      0.000000      0.000000
    -58.144613      0.000000      0.000000      0.000000
    -58.041520      0.000000      0.000000      0.000000
    -57.938427      0.000000      0.000000      0.000000
    -57.835334      0.000000      0.000000      0.000000
    -57.732240      0.000000      0.000000      0.000000
    -57.629147      0.000000      0.000000      0.000000
    -57.526054      0.000000      0.000000      0.000000
    -57.422961      0.000000      0.000000      0.000000
    -57.319868      0.000000      0.000000      0.000000
    -57.216774      0.000000      0.000000      0.000000
    -57.113681      0.000000      0.000000      0.000000
    -57.010588      0.000000      0.000000      0.000000
    -56.907495      0.000000      0.000000      0.000000
    -56.804402      0.000000      0.000000      0.000000
    -56.701308      0.000000      0.000000      0.000000
    -56.598215      0.000000      0.000000      0.000000
    -56.495122      0.000000      0.000000      0.000000
    -56.392029      0.000000      0.000000      0.000000
    -56.288935      0.000000      0.000000      0.000000
    -56.185842      0.000000      0.000000      0.000000
    -56.082749      0.000000      0.000000      0.000000
    -55.979656      0.000000      0.000000      0.000000
    -55.876563      0.000000      0.000000      0.000000
    -55.773469      0.000000      0.000000      0.000000
    -55.670376      0.000000      0.000000      0.000000
    -55.567283      0.000000      0.000000      0.000000
    -55.464190      0.000000      0.000000      0.000000
    -55.361097      0.000000      0.000000      0.000000
    -55.258003      0.000000      0.000000      0.000000
    -55.154910      0.000000      0.000000      0.000000
    -55.051817      0.000000      0.000000      0.000000
    -54.948724      0.000000      0.000000      0.000000
    -54.845630      0.000000      0.000000      0.000000
    -54.742537      0.000000      0.000000      0.000000
    -54.639444      0.000001      0.000000      0.000001
    -54.536351      0.000056      0.000000      0.000056
    -54.433258      0.001299      0.000000      0.001299
    -54.330164      0.018317      0.000000      0.018317
    -54.227071      0.157808      0.000000      0.157808
    -54.123978      0.842852      0.000000      0.842852
    -54.020885      2.864187      0.000000      2.864187
    -53.917792      6.482394      0.000000      6.482394
    -53.814698     10.450116      0.000000     10.450116
    -53.711605     12.758581      0.000000     12.758581
    -53.608512     11.859921      0.000000     11.859921
    -53.505419      7.942541      0.000000      7.942541
    -53.402326      3.580405      0.000000      3.580405
    -53.299232      1.033932      0.000000      1.033932
    -53.196139      0.185600      0.000000      0.185600
    -53.093046      0.020346      0.000000      0.020346
    -52.989953      0.001347      0.000000      0.001347
    -52.886859      0.000054      0.000000      0.000054
    -52.783766      0.000001      0.000000      0.000001
    -52.680673      0.000000      0.000000      0.000000
    -52.577580      0.000000      0.000000      0.000000
    -52.474487      0.000000      0.000000      0.000000
    -52.371393      0.000000      0.000000      0.000000
    -52.268300      0.000000      0.000000      0.000000
    -52.165207      0.000000      0.000000      0.000000
    -52.062114      0.000000      0.000010      0.000010
    -51.959021      0.000000      0.000283      0.000283
    -51.855927      0.000000      0.005049      0.005049
    -51.752834      0.000000      0.054866      0.054866
    -51.649741      0.000000      0.367103      0.367103
    -51.546648      0.000000      1.539774      1.539774
    -51.443554      0.000000      4.186965      4.186965
    -51.340461      0.000000      7.836089      7.836089
    -51.237368      0.000000     10.975399     10.975399
    -51.134275      0.000000     12.230949     12.230949
    -51.031182      0.000000     10.634345     10.634345
    -50.928088      0.000000      6.672135      6.672135
    -50.824995      0.000000      2.804886      2.804886
    -50.721902      0.000000      0.752885      0.752885
    -50.618809      0.000000      0.125446      0.125446
    -50.515716      0.000000      0.012760      0.012760
    -50.412622      0.000000      0.000784      0.000784
    -50.309529      0.000000      0.000029      0.000029
    -50.206436      0.000000      0.000001      0.000001
    -50.103343      0.000000      0.000000      0.000000
    -50.000250      0.000000      0.000000      0.000000
    -49.897156      0.000000      0.000000      0.000000
    -49.794063      0.000000      0.000000      0.000000
    -49.690970      0.000000      0.000000      0.000000
    -49.587877      0.000000      0.000000      0.000000
    -49.484783      0.000000      0.000000      0.000000
    -49.381690      0.000000      0.000000      0.000000
    -49.278597      0.000000      0.000000      0.000000
    -49.175504      0.000000      0.000000      0.000000
    -49.072411      0.000000      0.000000      0.000000
    -48.969317      0.000000      0.000000      0.000000
    -48.866224      0.000000      0.000000      0.000000
    -48.763131      0.000000      0.000000      0.000000
    -48.660038      0.000000      0.000000      0.000000
    -48.556945      0.000000      0.000000      0.000000
    -48.453851      0.000000      0.000000      0.000000
    -48.350758      0.000000      0.000000      0.000000
    -48.247665      0.000000      0.000000      0.000000
    -48.144572      0.000000      0.000000      0.000000
    -48.041478      0.000000      0.000000      0.000000
    -47.938385      0.000000      0.000000      0.000000
    -47.835292      0.000000      0.000000      0.000000
    -47.732199      0.000000      0.000000      0.000000
    -47.629106      0.000000      0.000000      0.000000
    -47.526012      0.000000      0.000000      0.000000
    -47.422919      0.000000      0.000000      0.000000
    -47.319826      0.000000      0.000000      0.000000
    -47.216733      0.000000      0.000000      0.000000
    -47.113640      0.000000      0.000000      0.000000
    -47.010546      0.000000      0.000000      0.000000
    -46.907453      0.000000      0.000000      0.000000
    -46.804360      0.000000      0.000000      0.000000
    -46.701267      0.000000      0.000000      0.000000
    -46.598174      0.000000      0.000000      0.000000
    -46.495080      0.000000      0.000000      0.000000
    -46.391987      0.000000      0.000000      0.000000
    -46.288894      0.000000      0.000000      0.000000
    -46.185801      0.000000      0.000000      0.000000
    -46.082707      0.000000      0.000000      0.000000
    -45.979614      0.000000      0.000000      0.000000
    -45.876521      0.000000      0.000000      0.000000
    -45.773428      0.000000      0.000000      0.000000
    -45.670335      0.000000      0.000000      0.000000
    -45.567241      0.000000      0.000000      0.000000
    -45.464148      0.000000      0.000000      0.000000
    -45.361055      0.000000      0.000000      0.000000
    -45.257962      0.000000      0.000000      0.000000
    -45.154869      0.000000      0.000000      0.000000
    -45.051775      0.000000      0.000000      0.000000
    -44.948682      0.000000      0.000000      0.000000
    -44.845589      0.000000      0.000000      0.000000
    -44.742496      0.000000      0.000000      0.000000
    -44.639402      0.000000      0.000000      0.000000
    -44.536309      0.000000      0.000000      0.000000
    -44.433216      0.000000      0.000000      0.000000
    -44.330123      0.000000      0.000000      0.000000
    -44.227030      0.000000      0.000000      0.000000
    -44.123936      0.000000      0.000000      0.000000
    -44.020843      0.000000      0.000000      0.000000
    -43.917750      0.000000      0.000000      0.000000
    -43.814657      0.000000      0.000000      0.000000
    -43.711564      0.000000      0.000000      0.000000
    -43.608470      0.000000      0.000000      0.000000
    -43.505377      0.000000      0.000000      0.000000
    -43.402284      0.000000      0.000000      0.000000
    -43.299191      0.000000      0.000000      0.000000
    -43.196098      0.000000      0.000000      0.000000
    -43.093004      0.000000      0.000000      0.000000
    -42.989911      0.000000      0.000000      0.000000
    -42.886818      0.000000      0.000000      0.000000
    -42.783725      0.000000      0.000000      0.000000
    -42.680631      0.000000      0.000000      0.000000
    -42.577538      0.000000      0.000000      0.000000
    -42.474445      0.000000      0.000000      0.000000
    -42.371352      0.000000      0.000000      0.000000
    -42.268259      0.000000      0.000000      0.000000
    -42.165165      0.000000      0.000000      0.000000
    -42.062072      0.000000      0.000000      0.000000
    -41.958979      0.000000      0.000000      0.000000
    -41.855886      0.000000      0.000000      0.000000
    -41.752793      0.000000      0.000000      0.000000
    -41.649699      0.000000      0.000000      0.000000
    -41.546606      0.000000      0.000000      0.000000
    -41.443513      0.000000      0.000000      0.000000
    -41.340420      0.000000      0.000000      0.000000
    -41.237326      0.000000      0.000000      0.000000
    -41.134233      0.000000      0.000000      0.000000
    -41.031140      0.000000      0.000000      0.000000
    -40.928047      0.000000      0.000000      0.000000
    -40.824954      0.000000      0.000000      0.000000
    -40.721860      0.000000      0.000000      0.000000
    -40.618767      0.000000      0.000000      0.000000
    -40.515674      0.000000      0.000000      0.000000
    -40.412581      0.000000      0.000000      0.000000
    -40.309488      0.000000      0.000000      0.000000
    -40.206394      0.000000      0.000000      0.000000
    -40.103301      0.000000      0.000000      0.000000
    -40.000208      0.000000      0.000000      0.000000
    -39.897115      0.000000      0.000000      0.000000
    -39.794021      0.000000      0.000000      0.000000
    -39.690928      0.000000      0.000000      0.000000
    -39.587835      0.000000      0.000000      0.000000
    -39.484742      0.000000      0.000000      0.000000
    -39.381649      0.000000      0.000000      0.000000
    -39.278555      0.000000      0.000000      0.000000
    -39.175462      0.000000      0.000000      0.000000
    -39.072369      0.000000      0.000000      0.000000
    -38.969276      0.000000      0.000000      0.000000
    -38.866183      0.000000      0.000000      0.000000
    -38.763089      0.000000      0.000000      0.000000
    -38.659996      0.000000      0.000000      0.000000
    -38.556903      0.000000      0.000000      0.000000
    -38.453810      0.000000      0.000000      0.000000
    -38.350717      0.000000      0.000000      0.000000
    -38.247623      0.000000      0.000000      0.000000
    -38.144530      0.000000      0.000000      0.000000
    -38.041437      0.000000      0.000000      0.000000
    -37.938344      0.000000      0.000000      0.000000
    -37.835250      0.000000      0.000000      0.000000
    -37.732157      0.000000      0.000000      0.000000
    -37.629064      0.000000      0.000000      0.000000
    -37.525971      0.000000      0.000000      0.000000
    -37.422878      0.000000      0.000000      0.000000
    -37.319784      0.000000      0.000000      0.000000
    -37.216691      0.000000      0.000000      0.000000
    -37.113598      0.000000      0.000000      0.000000
    -37.010505      0.000000      0.000000      0.000000
    -36.907412      0.000000      0.000000      0.000000
    -36.804318      0.000000      0.000000      0.000000
    -36.701225      0.000000      0.000000      0.000000
    -36.598132      0.000000      0.000000      0.000000
    -36.495039      0.000000      0.000000      0.000000
    -36.391945      0.000000      0.000000      0.000000
    -36.288852      0.000000      0.000000      0.000000
    -36.185759      0.000000      0.000000      0.000000
    -36.082666      0.000000      0.000000      0.000000
    -35.979573      0.000000      0.000000      0.000000
    -35.876479      0.000000      0.000000      0.000000
    -35.773386      0.000000      0.000000      0.000000
    -35.670293      0.000000      0.000000      0.000000
    -35.567200      0.000000      0.000000      0.000000
    -35.464107      0.000000      0.000000      0.000000
    -35.361013      0.000000      0.000000      0.000000
    -35.257920      0.000000      0.000000      0.000000
    -35.154827      0.000000      0.000000      0.000000
    -35.051734      0.000000      0.000000      0.000000
    -34.948641      0.000000      0.000000      0.000000
    -34.845547      0.000000      0.000000      0.000000
    -34.742454      0.000000      0.000000      0.000000
    -34.639361      0.000000      0.000000      0.000000
    -34.536268      0.000000      0.000000      0.000000
    -34.433174      0.000000      0.000000      0.000000
    -34.330081      0.000000      0.000000      0.000000
    -34.226988      0.000000      0.000000      0.000000
    -34.123895      0.000000      0.000000      0.000000
    -34.020802      0.000000      0.000000      0.000000
    -33.917708      0.000000      0.000000      0.000000
    -33.814615      0.000000      0.000000      0.000000
    -33.711522      0.000000      0.000000      0.000000
    -33.608429      0.000000      0.000000      0.000000
    -33.505336      0.000000      0.000000      0.000000
    -33.402242      0.000000      0.000000      0.000000
    -33.299149      0.000000      0.000000      0.000000
    -33.196056      0.000000      0.000000      0.000000
    -33.092963      0.000000      0.000000      0.000000
    -32.989869      0.000000      0.000000      0.000000
    -32.886776      0.000000      0.000000      0.000000
    -32.783683      0.000000      0.000000      0.000000
    -32.680590      0.000000      0.000000      0.000000
    -32.577497      0.000000      0.000000      0.000000
    -32.474403      0.000000      0.000000      0.000000
    -32.371310      0.000000      0.000000      0.000000
    -32.268217      0.000000      0.000000      0.000000
    -32.165124      0.000000      0.000000      0.000000
    -32.062031      0.000000      0.000000      0.000000
    -31.958937      0.000000      0.000000      0.000000
    -31.855844      0.000000      0.000000      0.000000
    -31.752751      0.000000      0.000000      0.000000
    -31.649658      0.000000      0.000000      0.000000
    -31.546565      0.000000      0.000000      0.000000
    -31.443471      0.000000      0.000000      0.000000
    -31.340378      0.000000      0.000000      0.000000
    -31.237285      0.000000      0.000000      0.000000
    -31.134192      0.000000      0.000000      0.000000
    -31.031098      0.000000      0.000000      0.000000
    -30.928005      0.000000      0.000000      0.000000
    -30.824912      0.000000      0.000000      0.000000
    -30.721819      0.000000      0.000000      0.000000
    -30.618726      0.000000      0.000000      0.000000
    -30.515632      0.000000      0.000000      0.000000
    -30.412539      0.000000      0.000000      0.000000
    -30.309446      0.000000      0.000000      0.000000
    -30.206353      0.000000      0.000000      0.000000
    -30.103260      0.000000      0.000000      0.000000
    -30.000166      0.000000      0.000000      0.000000
    -29.897073      0.000000      0.000000      0.000000
    -29.793980      0.000000      0.000000      0.000000
    -29.690887      0.000000      0.000000      0.000000
    -29.587793      0.000000      0.000000      0.000000
    -29.484700      0.000000      0.000000      0.000000
    -29.381607      0.000000      0.000000      0.000000
    -29.278514      0.000000      0.000000      0.000000
    -29.175421      0.000000      0.000000      0.000000
    -29.072327      0.000000      0.000000      0.000000
    -28.969234      0.000000      0.000000      0.000000
    -28.866141      0.000000      0.000000      0.000000
    -28.763048      0.000000      0.000000      0.000000
    -28.659955      0.000000      0.000000      0.000000
    -28.556861      0.000000      0.000000      0.000000
    -28.453768      0.000000      0.000000      0.000000
    -28.350675      0.000000      0.000000      0.000000
    -28.247582      0.000000      0.000000      0.000000
    -28.144489      0.000000      0.000000      0.000000
    -28.041395      0.000000      0.000000      0.000000
    -27.938302      0.000000      0.000000      0.000000
    -27.835209      0.000000      0.000000      0.000000
    -27.732116      0.000000      0.000000      0.000000
    -27.629022      0.000000      0.000000      0.000000
    -27.525929      0.000000      0.000000      0.000000
    -27.422836      0.000000      0.000000      0.000000
    -27.319743      0.000000      0.000000      0.000000
    -27.216650      0.000000      0.000000      0.000000
    -27.113556      0.000000      0.000000      0.000000
    -27.010463      0.000000      0.000000      0.000000
    -26.907370      0.000000      0.000000      0.000000
    -26.804277      0.000000      0.000000      0.000000
    -26.701184      0.000000      0.000000      0.000000
    -26.598090      0.000000      0.000000      0.000000
    -26.494997      0.000000      0.000000      0.000000
    -26.391904      0.000000      0.000000      0.000000
    -26.288811      0.000000      0.000000      0.000000
    -26.185717      0.000000      0.000000      0.000000
    -26.082624      0.000000      0.000000      0.000000
    -25.979531      0.000000      0.000000      0.000000
    -25.876438      0.000000      0.000000      0.000000
    -25.773345      0.000000      0.000000      0.000000
    -25.670251      0.000000      0.000000      0.000000
    -25.567158      0.000000      0.000000      0.000000
    -25.464065      0.000000      0.000000      0.000000
    -25.360972      0.000000      0.000000      0.000000
    -25.257879      0.000000      0.000000      0.000000
    -25.154785      0.000000      0.000000      0.000000
    -25.051692      0.000000      0.000000      0.000000
    -24.948599      0.000000      0.000000      0.000000
    -24.845506      0.000000      0.000000      0.000000
    -24.742413      0.000000      0.000000      0.000000
    -24.639319      0.000000      0.000000      0.000000
    -24.536226      0.000000      0.000000      0.000000
    -24.433133      0.000000      0.000000      0.000000
    -24.330040      0.000000      0.000000      0.000000
    -24.226946      0.000000      0.000000      0.000000
    -24.123853      0.000000      0.000000      0.000000
    -24.020760      0.000000      0.000000      0.000000
    -23.917667      0.000000      0.000000      0.000000
    -23.814574      0.000000      0.000000      0.000000
    -23.711480      0.000000      0.000000      0.000000
    -23.608387      0.000000      0.000000      0.000000
    -23.505294      0.000000      0.000000      0.000000
    -23.402201      0.000000      0.000000      0.000000
    -23.299108      0.000000      0.000000      0.000000
    -23.196014      0.000000      0.000000      0.000000
    -23.092921      0.000000      0.000000      0.000000
    -22.989828      0.000000      0.000000      0.000000
    -22.886735      0.000000      0.000000      0.000000
    -22.783641      0.000000      0.000000      0.000000
    -22.680548      0.000000      0.000000      0.000000
    -22.577455      0.000000      0.000000      0.000000
    -22.474362      0.000000      0.000000      0.000000
    -22.371269      0.000000      0.000000      0.000000
    -22.268175      0.000000      0.000000      0.000000
    -22.165082      0.000000      0.000000      0.000000
    -22.061989      0.000000      0.000000      0.000000
    -21.958896      0.000000      0.000000      0.000000
    -21.855803      0.000000      0.000000      0.000000
    -21.752709      0.000000      0.000000      0.000000
    -21.649616      0.000000      0.000000      0.000000
    -21.546523      0.000000      0.000000      0.000000
    -21.443430      0.000000      0.000000      0.000000
    -21.340337      0.000000      0.000000      0.000000
    -21.237243      0.000000      0.000000      0.000000
    -21.134150      0.000000      0.000000      0.000000
    -21.031057      0.000000      0.000000      0.000000
    -20.927964      0.000000      0.000000      0.000000
    -20.824870      0.000000      0.000000      0.000000
    -20.721777      0.000000      0.000000      0.000000
    -20.618684      0.000000      0.000000      0.000000
    -20.515591      0.000000      0.000000      0.000000
    -20.412498      0.000000      0.000000      0.000000
    -20.309404      0.000000      0.000000      0.000000
    -20.206311      0.000000      0.000000      0.000000
    -20.103218      0.000000      0.000000      0.000000
    -20.000125      0.000000      0.000000      0.000000
    -19.897032      0.000000      0.000000      0.000000
    -19.793938      0.000000      0.000000      0.000000
    -19.690845      0.000000      0.000000      0.000000
    -19.587752      0.000000      0.000000      0.000000
    -19.484659      0.000000      0.000000      0.000000
    -19.381565      0.000000      0.000000      0.000000
    -19.278472      0.000000      0.000000      0.000000
    -19.175379      0.000000      0.000000      0.000000
    -19.072286      0.000000      0.000000      0.000000
    -18.969193      0.000000      0.000000      0.000000
    -18.866099      0.000000      0.000000      0.000000
    -18.763006      0.000000      0.000000      0.000000
    -18.659913      0.000000      0.000000      0.000000
    -18.556820      0.000000      0.000000      0.000000
    -18.453727      0.000000      0.000000      0.000000
    -18.350633      0.000000      0.000000      0.000000
    -18.247540      0.000000      0.000000      0.000000
    -18.144447      0.000000      0.000000      0.000000
    -18.041354      0.000000      0.000000      0.000000
    -17.938261      0.000000      0.000000      0.000000
    -17.835167      0.000000      0.000000      0.000000
    -17.732074      0.000000      0.000000      0.000000
    -17.628981      0.000000      0.000000      0.000000
    -17.525888      0.000000      0.000000      0.000000
    -17.422794      0.000000      0.000000      0.000000
    -17.319701      0.000000      0.000000      0.000000
    -17.216608      0.000000      0.000000      0.000000
    -17.113515      0.000000      0.000000      0.000000
    -17.010422      0.000000      0.000000      0.000000
    -16.907328      0.000000      0.000000      0.000000
    -16.804235      0.000000      0.000000      0.000000
    -16.701142      0.000000      0.000000      0.000000
    -16.598049      0.000000      0.000000      0.000000
    -16.494956      0.000000      0.000000      0.000000
    -16.391862      0.000000      0.000000      0.000000
    -16.288769      0.000000      0.000000      0.000000
    -16.185676      0.000000      0.000000      0.000000
    -16.082583      0.000000      0.000000      0.000000
    -15.979489      0.000000      0.000000      0.000000
    -15.876396      0.000000      0.000000      0.000000
    -15.773303      0.000000      0.000000      0.000000
    -15.670210      0.000000      0.000000      0.000000
    -15.567117      0.000000      0.000000      0.000000
    -15.464023      0.000000      0.000000      0.000000
    -15.360930      0.000000      0.000000      0.000000
    -15.257837      0.000000      0.000000      0.000000
    -15.154744      0.000000      0.000000      0.000000
    -15.051651      0.000000      0.000000      0.000000
    -14.948557      0.000000      0.000000      0.000000
    -14.845464      0.000000      0.000000      0.000000
    -14.742371      0.000000      0.000000      0.000000
    -14.639278      0.000000      0.000000      0.000000
    -14.536185      0.000000      0.000000      0.000000
    -14.433091      0.000000      0.000000      0.000000
    -14.329998      0.000000      0.000000      0.000000
    -14.226905      0.000000      0.000000      0.000000
    -14.123812      0.000000      0.000000      0.000000
    -14.020718      0.000000      0.000000      0.000000
    -13.917625      0.000000      0.000000      0.000000
    -13.814532      0.000000      0.000000      0.000000
    -13.711439      0.000000      0.000000      0.000000
    -13.608346      0.000000      0.000000      0.000000
    -13.505252      0.000000      0.000000      0.000000
    -13.402159      0.000000      0.000000      0.000000
    -13.299066      0.000000      0.000000      0.000000
    -13.195973      0.000000      0.000000      0.000000
    -13.092880      0.000000      0.000000      0.000000
    -12.989786      0.000000      0.000000      0.000000
    -12.886693      0.000000      0.000000      0.000000
    -12.783600      0.000000      0.000000      0.000000
    -12.680507      0.000000      0.000000      0.000000
    -12.577413      0.000000      0.000000      0.000000
    -12.474320      0.000000      0.000000      0.000000
    -12.371227      0.000000      0.000000      0.000000
    -12.268134      0.000000      0.000000      0.000000
    -12.165041      0.000000      0.000000      0.000000
    -12.061947      0.000000      0.000000      0.000000
    -11.958854      0.000000      0.000000      0.000000
    -11.855761      0.000000      0.000000      0.000000
    -11.752668      0.000000      0.000000      0.000000
    -11.649575      0.000000      0.000000      0.000000
    -11.546481      0.000000      0.000000      0.000000
    -11.443388      0.000000      0.000000      0.000000
    -11.340295      0.000000      0.000000      0.000000
    -11.237202      0.000000      0.000000      0.000000
    -11.134109      0.000000      0.000000      0.000000
    -11.031015      0.000000      0.000000      0.000000
    -10.927922      0.000000      0.000000      0.000000
    -10.824829      0.000000      0.000000      0.000000
    -10.721736      0.000000      0.000000      0.000000
    -10.618642      0.000000      0.000000      0.000000
    -10.515549      0.000000      0.000000      0.000000
    -10.412456      0.000000      0.000000      0.000000
    -10.309363      0.000000      0.000000      0.000000
    -10.206270      0.000000      0.000000      0.000000
    -10.103176      0.000000      0.000000      0.000000
    -10.000083      0.000000      0.000000      0.000000
     -9.896990      0.000000      0.000000      0.000000
     -9.793897      0.000000      0.000000      0.000000
     -9.690804      0.000000      0.000000      0.000000
     -9.587710      0.000000      0.000000      0.000000
     -9.484617      0.000000      0.000000      0.000000
     -9.381524      0.000002      0.000000      0.000002
     -9.278431      0.000029      0.000000      0.000029
     -9.175337      0.000246      0.000000      0.000246
     -9.072244      0.001334      0.000006      0.001340
     -8.969151      0.004749      0.000066      0.004816
     -8.866058      0.011648      0.000478      0.012126
     -8.762965      0.021069      0.002216      0.023285
     -8.659871      0.030586      0.006842      0.037427
     -8.556778      0.038748      0.014878      0.053626
     -8.453685      0.045601      0.024568      0.070169
     -8.350592      0.051627      0.033594      0.085221
     -8.247499      0.057158      0.041128      0.098286
     -8.144405      0.062367      0.047498      0.109865
     -8.041312      0.067355      0.053156      0.120511
     -7.938219      0.072189      0.058363      0.130552
     -7.835126      0.076917      0.063258      0.140175
     -7.732033      0.081580      0.067923      0.149503
     -7.628939      0.086211      0.072413      0.158624
     -7.525846      0.090839      0.076769      0.167608
     -7.422753      0.095491      0.081023      0.176515
     -7.319660      0.100198      0.085200      0.185398
     -7.216566      0.104980      0.089321      0.194301
     -7.113473      0.109875      0.093405      0.203281
     -7.010380      0.114901      0.097469      0.212370
     -6.907287      0.120111      0.101524      0.221634
     -6.804194      0.125518      0.105594      0.231111
     -6.701100      0.131191      0.109673      0.240863
     -6.598007      0.137162      0.113807      0.250969
     -6.494914      0.143497      0.117966      0.261463
     -6.391821      0.150286      0.122209      0.272494
     -6.288728      0.157578      0.126522      0.284100
     -6.185634      0.165545      0.130910      0.296455
     -6.082541      0.174267      0.135452      0.309719
     -5.979448      0.183985      0.140057      0.324043
     -5.876355      0.194922      0.144866      0.339788
     -5.773261      0.207426      0.149823      0.357249
     -5.670168      0.222032      0.154933      0.376965
     -5.567075      0.239480      0.160352      0.399832
     -5.463982      0.261190      0.165923      0.427112
     -5.360889      0.290014      0.171837      0.461851
     -5.257795      0.332761      0.178104      0.510865
     -5.154702      0.401728      0.184653      0.586381
     -5.051609      0.505256      0.191761      0.697017
     -4.948516      0.627931      0.199300      0.827232
     -4.845423      0.740378      0.207427      0.947805
     -4.742329      0.844139      0.216340      1.060480
     -4.639236      0.973496      0.225974      1.199470
     -4.536143      1.145253      0.236695      1.381948
     -4.433050      1.344308      0.248626      1.592934
     -4.329956      1.534249      0.262042      1.796291
     -4.226863      1.637431      0.277480      1.914911
     -4.123770      1.577940      0.295430      1.873371
     -4.020677      1.391082      0.317029      1.708111
     -3.917584      1.195333      0.344148      1.539481
     -3.814490      1.057716      0.380246      1.437962
     -3.711397      0.974285      0.429092      1.403376
     -3.608304      0.977209      0.488254      1.465462
     -3.505211      1.220700      0.544534      1.765234
     -3.402118      1.815654      0.584415      2.400069
     -3.299024      2.494380      0.607752      3.102132
     -3.195931      2.792228      0.623428      3.415656
     -3.092838      2.659149      0.638889      3.298038
     -2.989745      2.438289      0.659247      3.097536
     -2.886652      2.374265      0.692079      3.066344
     -2.783558      2.485078      0.749247      3.234324
     -2.680465      2.671321      0.837005      3.508325
     -2.577372      2.775484      0.937834      3.713317
     -2.474279      2.660473      1.011843      3.672316
     -2.371185      2.287384      1.027117      3.314501
     -2.268092      1.759336      0.981157      2.740493
     -2.164999      1.284987      0.896160      2.181147
     -2.061906      1.001251      0.803827      1.805078
     -1.958813      0.893063      0.730775      1.623838
     -1.855719      0.897304      0.721129      1.618433
     -1.752626      0.987460      0.875800      1.863259
     -1.649533      1.185256      1.281132      2.466388
     -1.546440      1.548087      1.848908      3.396995
     -1.443347      2.111847      2.336652      4.448499
     -1.340253      2.812860      2.575779      5.388639
     -1.237160      3.532413      2.592637      6.125049
     -1.134067      4.193617      2.513710      6.707327
     -1.030974      4.645383      2.438006      7.083389
     -0.927880      4.576669      2.403547      6.980216
     -0.824787      3.878369      2.400880      6.279249
     -0.721694      2.937081      2.392964      5.330045
     -0.618601      2.221980      2.347598      4.569579
     -0.515508      1.838437      2.242658      4.081095
     -0.412414      1.661276      2.045079      3.706355
     -0.309321      1.581385      1.723372      3.304757
     -0.206228      1.545752      1.309193      2.854945
     -0.103135      1.509669      0.921380      2.431049
     -0.000042      1.407030      0.661167      2.068196
      0.103052      1.184531      0.528288      1.712819
      0.206145      0.877032      0.473780      1.350811
      0.309238      0.595963      0.463484      1.059447
      0.412331      0.420095      0.485834      0.905929
      0.515424      0.342939      0.543010      0.885949
      0.618518      0.318119      0.647054      0.965172
      0.721611      0.310702      0.816663      1.127366
      0.824704      0.306468      1.058266      1.364735
      0.927797      0.302415      1.340441      1.642855
      1.030891      0.299156      1.620077      1.919232
      1.133984      0.296095      1.901768      2.197863
      1.237077      0.292096      2.225742      2.517838
      1.340170      0.288384      2.579493      2.867877
      1.443263      0.285695      2.849216      3.134910
      1.546357      0.282305      2.950527      3.232832
      1.649450      0.277899      3.045912      3.323811
      1.752543      0.274552      3.433854      3.708406
      1.855636      0.272041      4.015045      4.287086
      1.958729      0.268010      4.149847      4.417857
      2.061823      0.263529      3.518607      3.782136
      2.164916      0.260464      2.622516      2.882980
      2.268009      0.257484      1.980770      2.238254
      2.371102      0.253223      1.591399      1.844622
      2.474196      0.249040      1.271282      1.520322
      2.577289      0.245656      0.964919      1.210575
      2.680382      0.242029      0.718025      0.960054
      2.783475      0.237894      0.561989      0.799883
      2.886568      0.233977      0.480503      0.714481
      2.989662      0.230450      0.440247      0.670696
      3.092755      0.226193      0.417480      0.643672
      3.195848      0.221321      0.401317      0.622637
      3.298941      0.217901      0.387589      0.605490
      3.402034      0.215240      0.375609      0.590850
      3.505128      0.210283      0.364544      0.574827
      3.608221      0.204207      0.353801      0.558008
      3.711314      0.200298      0.344258      0.544556
      3.814407      0.198432      0.334914      0.533346
      3.917500      0.194993      0.325448      0.520441
      4.020594      0.188124      0.317106      0.505230
      4.123687      0.181873      0.308932      0.490805
      4.226780      0.179112      0.300176      0.479288
      4.329873      0.177673      0.292338      0.470011
      4.432967      0.173633      0.285238      0.458871
      4.536060      0.165511      0.277157      0.442668
      4.639153      0.158847      0.269099      0.427946
      4.742246      0.157409      0.262801      0.420210
      4.845339      0.155935      0.255981      0.411915
      4.948433      0.150553      0.247598      0.398152
      5.051526      0.143022      0.240619      0.383642
      5.154619      0.136622      0.235281      0.371903
      5.257712      0.134039      0.228508      0.362547
      5.360805      0.132404      0.220031      0.352435
      5.463899      0.127264      0.213397      0.340661
      5.566992      0.120328      0.208857      0.329186
      5.670085      0.114338      0.202809      0.317147
      5.773178      0.110068      0.194160      0.304228
      5.876272      0.107582      0.186736      0.294318
      5.979365      0.103461      0.182882      0.286343
      6.082458      0.096396      0.178285      0.274680
      6.185551      0.090696      0.169783      0.260480
      6.288644      0.087337      0.161468      0.248804
      6.391738      0.082746      0.156808      0.239554
      6.494831      0.076773      0.153121      0.229894
      6.597924      0.071317      0.146840      0.218157
      6.701017      0.066329      0.138289      0.204618
      6.804110      0.062392      0.131269      0.193661
      6.907204      0.059060      0.127252      0.186312
      7.010297      0.054301      0.122894      0.177195
      7.113390      0.050188      0.116167      0.166355
      7.216483      0.050816      0.108221      0.159037
      7.319576      0.058123      0.101706      0.159828
      7.422670      0.074565      0.097700      0.172265
      7.525763      0.099571      0.092692      0.192263
      7.628856      0.127944      0.085183      0.213127
      7.731949      0.159684      0.078409      0.238093
      7.835043      0.201124      0.073103      0.274227
      7.938136      0.255743      0.067702      0.323446
      8.041229      0.315851      0.061954      0.377805
      8.144322      0.361910      0.056835      0.418745
      8.247415      0.379077      0.053969      0.433046
      8.350509      0.371936      0.053367      0.425303
      8.453602      0.356039      0.052930      0.408968
      8.556695      0.341748      0.052322      0.394070
      8.659788      0.329594      0.054218      0.383811
      8.762881      0.316714      0.062375      0.379089
      8.865975      0.300812      0.081706      0.382518
      8.969068      0.283766      0.115100      0.398866
      9.072161      0.272569      0.161131      0.433700
      9.175254      0.267588      0.221423      0.489011
      9.278348      0.261280      0.300157      0.561437
      9.381441      0.252577      0.384458      0.637035
      9.484534      0.245525      0.441058      0.686583
      9.587627      0.239860      0.450975      0.690835
      9.690720      0.231553      0.427959      0.659512
      9.793814      0.220795      0.395218      0.616013
      9.896907      0.216556      0.367750      0.584306
     10.000000      0.220449      0.348642      0.569091
