        0.00000000        0.00000000        0.00000000        0.00000000        0.00000000 
        0.00000000        0.00000000        0.00000000        0.00000000        0.00000000 
        0.00000000        0.00000000        0.00000000        0.00000000        0.00000000 
        0.00000000        0.00000000        0.00000000        0.00000000        0.00000000 
        0.00000000        0.00000000        0.00000009        0.00000009        0.00000000 
        0.00000000        0.00000000        0.00000013        0.00000014        0.00000000 
        0.00000000       -0.00000000        0.00000017        0.00000017        0.00000000 
       -0.00000000       -0.00000000        0.00000021        0.00000021        0.00000000 
       -0.00000000       -0.00000000        0.00000025        0.00000029        0.00000004 
        0.00000000       -0.00000002        0.00000030        0.00000039        0.00000007 
        0.00000000       -0.00000002        0.00000037        0.00000050        0.00000010 
        0.00000000       -0.00000002        0.00000044        0.00000059        0.00000012 
        0.00000000       -0.00000002        0.00000052        0.00000070        0.00000015 
        0.00000000       -0.00000004        0.00000059        0.00000084        0.00000020 
       -0.00000001       -0.00000002        0.00000072        0.00000100        0.00000025 
       -0.00000001       -0.00000001        0.00000084        0.00000117        0.00000030 
       -0.00000001        0.00000000        0.00000098        0.00000136        0.00000036 
       -0.00000001        0.00000000        0.00000111        0.00000154        0.00000040 
       -0.00000002        0.00000001        0.00000128        0.00000176        0.00000047 
       -0.00000002        0.00000003        0.00000148        0.00000200        0.00000054 
       -0.00000002        0.00000006        0.00000169        0.00000228        0.00000062 
       -0.00000002        0.00000007        0.00000189        0.00000255        0.00000070 
       -0.00000002        0.00000010        0.00000214        0.00000285        0.00000079 
       -0.00000003        0.00000013        0.00000241        0.00000320        0.00000089 
       -0.00000002        0.00000018        0.00000272        0.00000358        0.00000099 
       -0.00000001        0.00000024        0.00000306        0.00000400        0.00000111 
       -0.00000001        0.00000028        0.00000342        0.00000445        0.00000125 
       -0.00000001        0.00000034        0.00000382        0.00000494        0.00000138 
        0.00000001        0.00000042        0.00000426        0.00000549        0.00000154 
        0.00000002        0.00000050        0.00000475        0.00000609        0.00000172 
        0.00000003        0.00000059        0.00000528        0.00000676        0.00000191 
        0.00000004        0.00000068        0.00000586        0.00000748        0.00000212 
        0.00000006        0.00000079        0.00000650        0.00000827        0.00000234 
        0.00000008        0.00000091        0.00000721        0.00000914        0.00000259 
        0.00000011        0.00000104        0.00000798        0.00001010        0.00000287 
        0.00000013        0.00000119        0.00000883        0.00001115        0.00000318 
        0.00000016        0.00000134        0.00000975        0.00001230        0.00000351 
        0.00000019        0.00000152        0.00001076        0.00001355        0.00000387 
        0.00000023        0.00000171        0.00001187        0.00001493        0.00000427 
        0.00000026        0.00000193        0.00001309        0.00001643        0.00000471 
        0.00000031        0.00000216        0.00001442        0.00001808        0.00000519 
        0.00000035        0.00000241        0.00001586        0.00001987        0.00000571 
        0.00000040        0.00000269        0.00001745        0.00002183        0.00000629 
        0.00000046        0.00000300        0.00001918        0.00002397        0.00000691 
        0.00000052        0.00000334        0.00002107        0.00002631        0.00000760 
        0.00000058        0.00000371        0.00002313        0.00002885        0.00000834 
        0.00000065        0.00000412        0.00002537        0.00003163        0.00000916 
        0.00000073        0.00000457        0.00002782        0.00003465        0.00001005 
        0.00000082        0.00000506        0.00003048        0.00003793        0.00001102 
        0.00000092        0.00000559        0.00003338        0.00004151        0.00001207 
        0.00000102        0.00000618        0.00003653        0.00004539        0.00001322 
        0.00000114        0.00000683        0.00003996        0.00004961        0.00001447 
        0.00000126        0.00000753        0.00004368        0.00005419        0.00001583 
        0.00000140        0.00000831        0.00004773        0.00005917        0.00001730 
        0.00000155        0.00000915        0.00005212        0.00006456        0.00001890 
        0.00000172        0.00001008        0.00005688        0.00007041        0.00002064 
        0.00000191        0.00001109        0.00006204        0.00007674        0.00002253 
        0.00000211        0.00001219        0.00006764        0.00008360        0.00002458 
        0.00000233        0.00001340        0.00007370        0.00009102        0.00002679 
        0.00000257        0.00001471        0.00008026        0.00009905        0.00002919 
        0.00000284        0.00001615        0.00008735        0.00010772        0.00003179 
        0.00000313        0.00001772        0.00009503        0.00011710        0.00003460 
        0.00000345        0.00001942        0.00010332        0.00012721        0.00003764 
        0.00000380        0.00002128        0.00011227        0.00013813        0.00004093 
        0.00000419        0.00002330        0.00012194        0.00014991        0.00004447 
        0.00000460        0.00002550        0.00013237        0.00016260        0.00004830 
        0.00000506        0.00002789        0.00014361        0.00017627        0.00005243 
        0.00000556        0.00003049        0.00015572        0.00019098        0.00005688 
        0.00000611        0.00003332        0.00016877        0.00020682        0.00006167 
        0.00000670        0.00003638        0.00018281        0.00022384        0.00006683 
        0.00000735        0.00003971        0.00019792        0.00024214        0.00007239 
        0.00000806        0.00004331        0.00021416        0.00026179        0.00007836 
        0.00000883        0.00004722        0.00023162        0.00028289        0.00008479 
        0.00000966        0.00005145        0.00025036        0.00030552        0.00009168 
        0.00001057        0.00005603        0.00027048        0.00032978        0.00009909 
        0.00001156        0.00006098        0.00029205        0.00035579        0.00010704 
        0.00001264        0.00006633        0.00031519        0.00038363        0.00011556 
        0.00001381        0.00007212        0.00033998        0.00041344        0.00012469 
        0.00001508        0.00007837        0.00036652        0.00044532        0.00013447 
        0.00001645        0.00008511        0.00039493        0.00047940        0.00014494 
        0.00001794        0.00009238        0.00042531        0.00051581        0.00015614 
        0.00001955        0.00010022        0.00045780        0.00055470        0.00016812 
        0.00002130        0.00010867        0.00049250        0.00059619        0.00018091 
        0.00002319        0.00011776        0.00052956        0.00064045        0.00019458 
        0.00002523        0.00012755        0.00056910        0.00068763        0.00020917 
        0.00002744        0.00013807        0.00061128        0.00073788        0.00022473 
        0.00002982        0.00014938        0.00065624        0.00079139        0.00024131 
        0.00003240        0.00016153        0.00070413        0.00084832        0.00025898 
        0.00003517        0.00017457        0.00075512        0.00090887        0.00027780 
        0.00003816        0.00018856        0.00080938        0.00097321        0.00029782 
        0.00004139        0.00020356        0.00086708        0.00104156        0.00031912 
        0.00004485        0.00021964        0.00092841        0.00111410        0.00034175 
        0.00004859        0.00023686        0.00099356        0.00119107        0.00036580 
        0.00005260        0.00025528        0.00106272        0.00127268        0.00039132 
        0.00005691        0.00027500        0.00113609        0.00135915        0.00041840 
        0.00006154        0.00029607        0.00121390        0.00145072        0.00044711 
        0.00006651        0.00031859        0.00129636        0.00154763        0.00047754 
        0.00007184        0.00034263        0.00138369        0.00165015        0.00050976 
        0.00007756        0.00036829        0.00147612        0.00175851        0.00054387 
        0.00008368        0.00039565        0.00157391        0.00187300        0.00057995 
        0.00008945        0.00042225        0.00167313        0.00198997        0.00061667 
        0.00009567        0.00045074        0.00177795        0.00211344        0.00065562 
        0.00010307        0.00048346        0.00189277        0.00224748        0.00069799 
        0.00011098        0.00051830        0.00201395        0.00238870        0.00074270 
        0.00011942        0.00055534        0.00214177        0.00253746        0.00078985 
        0.00012844        0.00059468        0.00227653        0.00269409        0.00083955 
        0.00013805        0.00063644        0.00241851        0.00285889        0.00089189 
        0.00014830        0.00068077        0.00256800        0.00303215        0.00094699 
        0.00015922        0.00072781        0.00272531        0.00321421        0.00100496 
        0.00017085        0.00077768        0.00289075        0.00340539        0.00106593 
        0.00018322        0.00083052        0.00306464        0.00360605        0.00113000 
        0.00019637        0.00088647        0.00324729        0.00381650        0.00119729 
        0.00021034        0.00094569        0.00343904        0.00403709        0.00126791 
        0.00022517        0.00100831        0.00364022        0.00426816        0.00134198 
        0.00024091        0.00107451        0.00385115        0.00451005        0.00141961 
        0.00025762        0.00114443        0.00407218        0.00476313        0.00150093 
        0.00027532        0.00121826        0.00430366        0.00502774        0.00158607 
        0.00029409        0.00129615        0.00454592        0.00530422        0.00167513 
        0.00031397        0.00137827        0.00479931        0.00559292        0.00176824 
        0.00033501        0.00146481        0.00506418        0.00589421        0.00186552 
        0.00035726        0.00155595        0.00534088        0.00620843        0.00196710 
        0.00038079        0.00165187        0.00562976        0.00653593        0.00207310 
        0.00040564        0.00175276        0.00593116        0.00687705        0.00218365 
        0.00043188        0.00185880        0.00624544        0.00723214        0.00229886 
        0.00045956        0.00197019        0.00657294        0.00760153        0.00241885 
        0.00048875        0.00208712        0.00691401        0.00798555        0.00254375 
        0.00051949        0.00220979        0.00726898        0.00838454        0.00267367 
        0.00055187        0.00233839        0.00763820        0.00879879        0.00280873 
        0.00058593        0.00247312        0.00802198        0.00922864        0.00294904 
        0.00062174        0.00261420        0.00842065        0.00967435        0.00309471 
        0.00065937        0.00276181        0.00883453        0.01013625        0.00324584 
        0.00069889        0.00291616        0.00926393        0.01061458        0.00340255 
        0.00074036        0.00307746        0.00970914        0.01110962        0.00356492 
        0.00078382        0.00324589        0.01017044        0.01162160        0.00373305 
        0.00082939        0.00342168        0.01064812        0.01215076        0.00390703 
        0.00087711        0.00360502        0.01114244        0.01269731        0.00408695 
        0.00092705        0.00379611        0.01165365        0.01326147        0.00427288 
        0.00097925        0.00399513        0.01218195        0.01384339        0.00446491 
        0.00103384        0.00420232        0.01272762        0.01444322        0.00466308 
        0.00109081        0.00441778        0.01329080        0.01506110        0.00486746 
        0.00115032        0.00464182        0.01387169        0.01569716        0.00507810 
        0.00121235        0.00487449        0.01447043        0.01635144        0.00529506 
        0.00127701        0.00511606        0.01508721        0.01702406        0.00551836 
        0.00134436        0.00536666        0.01572206        0.01771501        0.00574803 
        0.00141446        0.00562646        0.01637515        0.01842432        0.00598408 
        0.00148741        0.00589565        0.01704652        0.01915193        0.00622653 
        0.00156320        0.00617430        0.01773617        0.01989783        0.00647536 
        0.00164194        0.00646260        0.01844416        0.02066191        0.00673057 
        0.00172366        0.00676067        0.01917047        0.02144407        0.00699216 
        0.00180841        0.00706859        0.01991502        0.02224414        0.00726004 
        0.00189629        0.00738655        0.02067776        0.02306195        0.00753422 
        0.00198730        0.00771455        0.02145860        0.02389728        0.00781461 
        0.00208151        0.00805271        0.02225733        0.02474986        0.00810115 
        0.00217896        0.00840113        0.02307384        0.02561946        0.00839378 
        0.00227966        0.00875978        0.02390791        0.02650567        0.00869236 
        0.00238368        0.00912872        0.02475921        0.02740822        0.00899684 
        0.00249103        0.00950801        0.02562755        0.02832656        0.00930703 
        0.00260172        0.00989762        0.02651258        0.02926039        0.00962287 
        0.00271579        0.01029751        0.02741398        0.03020914        0.00994416 
        0.00283327        0.01070772        0.02833134        0.03117234        0.01027076 
        0.00295417        0.01112815        0.02926412        0.03214937        0.01060249 
        0.00307844        0.01155867        0.03021191        0.03313973        0.01093917 
        0.00320613        0.01199928        0.03117426        0.03414270        0.01128061 
        0.00333722        0.01244982        0.03215058        0.03515762        0.01162658 
        0.00347171        0.01291019        0.03314025        0.03618380        0.01197683 
        0.00360955        0.01338017        0.03414261        0.03722037        0.01233114 
        0.00375073        0.01385963        0.03515701        0.03826670        0.01268927 
        0.00389516        0.01434828        0.03618281        0.03932187        0.01305089 
        0.00404291        0.01484603        0.03721914        0.04038493        0.01341576 
        0.00419385        0.01535249        0.03826524        0.04145518        0.01378360 
        0.00434791        0.01586743        0.03932031        0.04253152        0.01415405 
        0.00450501        0.01639053        0.04038343        0.04361293        0.01452681 
        0.00466516        0.01692151        0.04145367        0.04469860        0.01490164 
        0.00482822        0.01745991        0.04253024        0.04578720        0.01527799 
        0.00499415        0.01800552        0.04361196        0.04687797        0.01565567 
        0.00516270        0.01855770        0.04469787        0.04796955        0.01603422 
        0.00533397        0.01911624        0.04578702        0.04906090        0.01641329 
        0.00550765        0.01968051        0.04687819        0.05015086        0.01679251 
        0.00568369        0.02025004        0.04797018        0.05123839        0.01717145 
        0.00586211        0.02082466        0.04906216        0.05232202        0.01754975 
        0.00604246        0.02140327        0.05015272        0.05340073        0.01792697 
        0.00622482        0.02198572        0.05124071        0.05447322        0.01830263 
        0.00640893        0.02257131        0.05232486        0.05553812        0.01867638 
        0.00659453        0.02315924        0.05340390        0.05659443        0.01904776 
        0.00678173        0.02374928        0.05447671        0.05764051        0.01941633 
        0.00696997        0.02434035        0.05554193        0.05867526        0.01978156 
        0.00715932        0.02493207        0.05659813        0.05969748        0.02014312 
        0.00734948        0.02552365        0.05764414        0.06070563        0.02050045 
        0.00754025        0.02611430        0.05867848        0.06169844        0.02085321 
        0.00773134        0.02670339        0.05969998        0.06267482        0.02120093 
        0.00792262        0.02729008        0.06070717        0.06363326        0.02154304 
        0.00811379        0.02787371        0.06169870        0.06457242        0.02187914 
        0.00830449        0.02845326        0.06267324        0.06549117        0.02220882 
        0.00849488        0.02902836        0.06362948        0.06638828        0.02253163 
        0.00868419        0.02959770        0.06456599        0.06726226        0.02284716 
        0.00887245        0.03016081        0.06548148        0.06811178        0.02315475 
        0.00905922        0.03071651        0.06637460        0.06893608        0.02345422 
        0.00924429        0.03126407        0.06724381        0.06973353        0.02374500 
        0.00942761        0.03180310        0.06808814        0.07050306        0.02402669 
        0.00960860        0.03233218        0.06890601        0.07124355        0.02429885 
        0.00978686        0.03285056        0.06969640        0.07195380        0.02456115 
        0.00996257        0.03335756        0.07045788        0.07263294        0.02481321 
        0.01013491        0.03385201        0.07118914        0.07327956        0.02505438 
        0.01030400        0.03433347        0.07188919        0.07389286        0.02528471 
        0.01046917        0.03480050        0.07255670        0.07447180        0.02550349 
        0.01063068        0.03525293        0.07319072        0.07501549        0.02571061 
        0.01078758        0.03568926        0.07378981        0.07552320        0.02590568 
        0.01093979        0.03610903        0.07435328        0.07599345        0.02608824 
        0.01108718        0.03651148        0.07487983        0.07642633        0.02625805 
        0.01122940        0.03689545        0.07536855        0.07682016        0.02641493 
        0.01136601        0.03726035        0.07581860        0.07717514        0.02655852 
        0.01149696        0.03760561        0.07622907        0.07748979        0.02668871 
        0.01162155        0.03792983        0.07659888        0.07776415        0.02680501 
        0.01173992        0.03823292        0.07692766        0.07799703        0.02690727 
        0.01185143        0.03851354        0.07721430        0.07818872        0.02699557 
        0.01195617        0.03877172        0.07745844        0.07833827        0.02706948 
        0.01205367        0.03900623        0.07765901        0.07844549        0.02712888 
        0.01214354        0.03921646        0.07781613        0.07850999        0.02717367 
        0.01222567        0.03940189        0.07792848        0.07853162        0.02720377 
        0.01230004        0.03956217        0.07799631        0.07850993        0.02721903 
        0.01236606        0.03969640        0.07801872        0.07844567        0.02721953 
        0.01242390        0.03980440        0.07799578        0.07833743        0.02720484 
        0.01247266        0.03988504        0.07792687        0.07818604        0.02717525 
        0.01251280        0.03993851        0.07781219        0.07799155        0.02713075 
        0.01254383        0.03996420        0.07765144        0.07775402        0.02707136 
        0.01256546        0.03996140        0.07744431        0.07747340        0.02699709 
        0.01257798        0.03993046        0.07719111        0.07714999        0.02690774 
        0.01258102        0.03987080        0.07689196        0.07678437        0.02680385 
        0.01257402        0.03978145        0.07654667        0.07637680        0.02668518 
        0.01255727        0.03966337        0.07615578        0.07592714        0.02655178 
        0.01253068        0.03951561        0.07571936        0.07543677        0.02640426 
        0.01249349        0.03933787        0.07523763        0.07490569        0.02624238 
        0.01244688        0.03913110        0.07471108        0.07433432        0.02606630 
        0.01238987        0.03889453        0.07414049        0.07372379        0.02587637 
        0.01232257        0.03862810        0.07352543        0.07307422        0.02567276 
        0.01224500        0.03833222        0.07286787        0.07238710        0.02545577 
        0.01215687        0.03800660        0.07216728        0.07166255        0.02522564 
        0.01205865        0.03765154        0.07142466        0.07090157        0.02498266 
        0.01194984        0.03726733        0.07064104        0.07010502        0.02472696 
        0.01183119        0.03685445        0.06981701        0.06927419        0.02445891 
        0.01170221        0.03641284        0.06895334        0.06840909        0.02417880 
        0.01156271        0.03594244        0.06805074        0.06751180        0.02388716 
        0.01141310        0.03544396        0.06711054        0.06658268        0.02358422 
        0.01125389        0.03491855        0.06613362        0.06562293        0.02327001 
        0.01108459        0.03436577        0.06512088        0.06463367        0.02294534 
        0.01090553        0.03378618        0.06407362        0.06361568        0.02261025 
        0.01071647        0.03318030        0.06299281        0.06257069        0.02226537 
        0.01051810        0.03254890        0.06187946        0.06149989        0.02191129 
        0.01031059        0.03189272        0.06073469        0.06040370        0.02154776 
        0.01009381        0.03121203        0.05956006        0.05928373        0.02117589 
        0.00986779        0.03050762        0.05835688        0.05814099        0.02079535 
        0.00963297        0.02978009        0.05712605        0.05697757        0.02040726 
        0.00939009        0.02903068        0.05586904        0.05579352        0.02001160 
        0.00913861        0.02825993        0.05458724        0.05459064        0.01960909 
        0.00887939        0.02746844        0.05328190        0.05337000        0.01919955 
        0.00861201        0.02665675        0.05195385        0.05213320        0.01878464 
        0.00833696        0.02582574        0.05060482        0.05088127        0.01836342 
        0.00805506        0.02497727        0.04923677        0.04961503        0.01793700 
        0.00776589        0.02411097        0.04785031        0.04833674        0.01750600 
        0.00747037        0.02322882        0.04644752        0.04704642        0.01707041 
        0.00716820        0.02233052        0.04502857        0.04574585        0.01663095 
        0.00686029        0.02141833        0.04359603        0.04443645        0.01618761 
        0.00654691        0.02049261        0.04215068        0.04311931        0.01574117 
        0.00622731        0.01955354        0.04069412        0.04179561        0.01529223 
        0.00590363        0.01860380        0.03922755        0.04046643        0.01484072 
        0.00557435        0.01764250        0.03775299        0.03913271        0.01438773 
        0.00524107        0.01667178        0.03627062        0.03779566        0.01393265 
        0.00490364        0.01569235        0.03478301        0.03645682        0.01347697 
        0.00456268        0.01470494        0.03328967        0.03511691        0.01302010 
        0.00421864        0.01371133        0.03179395        0.03377712        0.01256299 
        0.00387162        0.01271176        0.03029573        0.03243792        0.01210564 
        0.00352156        0.01170695        0.02879727        0.03110123        0.01164907 
        0.00316954        0.01069868        0.02729881        0.02976727        0.01119286 
        0.00281554        0.00968707        0.02580214        0.02843809        0.01073807 
        0.00246036        0.00867403        0.02430809        0.02711344        0.01028436 
        0.00210345        0.00765955        0.02281797        0.02579451        0.00983232 
        0.00174624        0.00664544        0.02133310        0.02448273        0.00938261 
        0.00138813        0.00563180        0.01985407        0.02317762        0.00893468 
        0.00102943        0.00461972        0.01838267        0.02188110        0.00848925 
        0.00067157        0.00361037        0.01691914        0.02059412        0.00804710 
        0.00031388        0.00260425        0.01546478        0.01931667        0.00760788 
       -0.00004274        0.00160289        0.01402044        0.01804924        0.00717187 
       -0.00039840        0.00060630        0.01258767        0.01679349        0.00673980 
       -0.00075251       -0.00038421        0.01116633        0.01554883        0.00631112 
       -0.00110483       -0.00136852        0.00975728        0.01431751        0.00588667 
       -0.00145495       -0.00234497        0.00836217        0.01309836        0.00546640 
       -0.00180304       -0.00331342        0.00698173        0.01189280        0.00505060 
       -0.00214869       -0.00427377        0.00561512        0.01070154        0.00463933 
       -0.00249082       -0.00522375        0.00426495        0.00952411        0.00423294 
       -0.00283045       -0.00616419        0.00293112        0.00836205        0.00383145 
       -0.00316656       -0.00709426        0.00161326        0.00721478        0.00343490 
       -0.00349891       -0.00801265        0.00031352        0.00608337        0.00304401 
       -0.00382727       -0.00891888       -0.00096858        0.00496709        0.00265771 
       -0.00415182       -0.00981355       -0.00223184        0.00386798        0.00227749 
       -0.00447166       -0.01069462       -0.00347686        0.00278413        0.00190222 
       -0.00478750       -0.01156294       -0.00470185        0.00171781        0.00153291 
       -0.00509816       -0.01241720       -0.00590801        0.00066781        0.00116926 
       -0.00540441       -0.01325738       -0.00709391       -0.00036526        0.00081134 
       -0.00570542       -0.01408315       -0.00825965       -0.00138044        0.00045925 
       -0.00600082       -0.01489353       -0.00940466       -0.00237894        0.00011301 
       -0.00629157       -0.01568961       -0.01052916       -0.00335968       -0.00022715 
       -0.00657630       -0.01646960       -0.01163220       -0.00432324       -0.00056159 
       -0.00685608       -0.01723456       -0.01271486       -0.00526953       -0.00089025 
       -0.00712973       -0.01798284       -0.01377618       -0.00619781       -0.00121272 
       -0.00739753       -0.01871538       -0.01481605       -0.00710893       -0.00152922 
       -0.00765973       -0.01943135       -0.01583421       -0.00800252       -0.00183994 
       -0.00791574       -0.02013087       -0.01683140       -0.00887787       -0.00214428 
       -0.00816548       -0.02081370       -0.01780677       -0.00973678       -0.00244278 
       -0.00840938       -0.02148020       -0.01876104       -0.01057720       -0.00273520 
       -0.00864732       -0.02213013       -0.01969385       -0.01140225       -0.00302255 
       -0.00887895       -0.02276337       -0.02060580       -0.01220930       -0.00330341 
       -0.00910378       -0.02337873       -0.02149546       -0.01299918       -0.00357848 
       -0.00932282       -0.02397764       -0.02236474       -0.01377177       -0.00384730 
       -0.00953543       -0.02455997       -0.02321327       -0.01452839       -0.00411111 
       -0.00974196       -0.02512550       -0.02404022       -0.01526761       -0.00436896 
       -0.00994229       -0.02567434       -0.02484655       -0.01599169       -0.00462121 
       -0.01013607       -0.02620649       -0.02563322       -0.01669896       -0.00486773 
       -0.01032352       -0.02672172       -0.02639914       -0.01739001       -0.00510889 
       -0.01050526       -0.02722108       -0.02714479       -0.01806605       -0.00534481 
       -0.01068085       -0.02770460       -0.02787137       -0.01872611       -0.00557542 
       -0.01084942       -0.02817082       -0.02857769       -0.01937068       -0.00580060 
       -0.01101297       -0.02862191       -0.02926481       -0.02000046       -0.00602049 
       -0.01117003       -0.02905691       -0.02993262       -0.02061510       -0.00623512 
       -0.01132119       -0.02947640       -0.03058207       -0.02121568       -0.00644523 
       -0.01146650       -0.02988100       -0.03121352       -0.02180147       -0.00665015 
       -0.01160604       -0.03027010       -0.03182673       -0.02237344       -0.00685018 
       -0.01174003       -0.03064406       -0.03242147       -0.02293134       -0.00704539 
       -0.01186752       -0.03100324       -0.03299928       -0.02347577       -0.00723565 
       -0.01199037       -0.03134847       -0.03356040       -0.02400649       -0.00742173 
       -0.01210761       -0.03167939       -0.03410339       -0.02452481       -0.00760305 
       -0.01221919       -0.03199637       -0.03463018       -0.02503073       -0.00778013 
       -0.01232547       -0.03229952       -0.03514159       -0.02552259       -0.00795287 
       -0.01242709       -0.03258967       -0.03563666       -0.02600312       -0.00812131 
       -0.01252294       -0.03286624       -0.03611660       -0.02647185       -0.00828576 
       -0.01261383       -0.03313005       -0.03658092       -0.02692890       -0.00844622 
       -0.01270026       -0.03338182       -0.03703034       -0.02737463       -0.00860280 
       -0.01278174       -0.03362107       -0.03746593       -0.02780807       -0.00875497 
       -0.01285857       -0.03384840       -0.03788722       -0.02823138       -0.00890374 
       -0.01293087       -0.03406429       -0.03829455       -0.02864361       -0.00904870 
       -0.01299882       -0.03426874       -0.03868866       -0.02904606       -0.00919032 
       -0.01306236       -0.03446174       -0.03906918       -0.02943778       -0.00932813 
       -0.01312184       -0.03464460       -0.03943717       -0.02981997       -0.00946265 
       -0.01317698       -0.03481674       -0.03979313       -0.03019166       -0.00959367 
       -0.01322836       -0.03497887       -0.04013669       -0.03055429       -0.00972146 
       -0.01327610       -0.03513110       -0.04046869       -0.03090787       -0.00984615 
       -0.01331967       -0.03527391       -0.04078948       -0.03125167       -0.00996757 
       -0.01336008       -0.03540766       -0.04109824       -0.03158712       -0.01008582 
       -0.01339674       -0.03553200       -0.04139721       -0.03191411       -0.01020181 
       -0.01343006       -0.03564787       -0.04168499       -0.03223264       -0.01031393 
       -0.01346010       -0.03575552       -0.04196286       -0.03254282       -0.01042384 
       -0.01348680       -0.03585470       -0.04223108       -0.03284550       -0.01053083 
       -0.01351047       -0.03594577       -0.04248905       -0.03314030       -0.01063538 
       -0.01353133       -0.03602993       -0.04273820       -0.03342783       -0.01073718 
       -0.01354915       -0.03610671       -0.04297841       -0.03370750       -0.01083618 
       -0.01356435       -0.03617597       -0.04320931       -0.03398001       -0.01093280 
       -0.01357692       -0.03623891       -0.04343212       -0.03424597       -0.01102763 
       -0.01358730       -0.03629541       -0.04364693       -0.03450418       -0.01111901 
       -0.01359481       -0.03634501       -0.04385293       -0.03475654       -0.01120865 
       -0.01360017       -0.03638887       -0.04405117       -0.03500247       -0.01129615 
       -0.01360309       -0.03642690       -0.04424274       -0.03524220       -0.01138163 
       -0.01360393       -0.03645897       -0.04442632       -0.03547490       -0.01146489 
       -0.01360255       -0.03648603       -0.04460323       -0.03570175       -0.01154602 
       -0.01359969       -0.03650844       -0.04477310       -0.03592312       -0.01162463 
       -0.01359433       -0.03652477       -0.04493606       -0.03613889       -0.01170176 
       -0.01358724       -0.03653681       -0.04509282       -0.03634918       -0.01177710 
       -0.01357841       -0.03654420       -0.04524362       -0.03655338       -0.01185012 
       -0.01356846       -0.03654766       -0.04538798       -0.03675258       -0.01192182 
       -0.01355594       -0.03654599       -0.04552639       -0.03694677       -0.01199138 
       -0.01354301       -0.03654146       -0.04565966       -0.03713548       -0.01205903 
       -0.01352811       -0.03653264       -0.04578686       -0.03731918       -0.01212525 
       -0.01351225       -0.03652060       -0.04590917       -0.03749847       -0.01218981 
       -0.01349479       -0.03650463       -0.04602611       -0.03767252       -0.01225239 
       -0.01347604       -0.03648520       -0.04613793       -0.03784239       -0.01231372 
       -0.01345584       -0.03646219       -0.04624486       -0.03800738       -0.01237333 
       -0.01343459       -0.03643668       -0.04634774       -0.03816772       -0.01243132 
       -0.01341233       -0.03640771       -0.04644525       -0.03832376       -0.01248777 
       -0.01338950       -0.03637683       -0.04653883       -0.03847635       -0.01254338 
       -0.01336548       -0.03634274       -0.04662704       -0.03862357       -0.01259667 
       -0.01334095       -0.03630668       -0.04671216       -0.03876722       -0.01264870 
       -0.01331502       -0.03626764       -0.04679269       -0.03890669       -0.01269984 
       -0.01328862       -0.03622651       -0.04686940       -0.03904271       -0.01274914 
       -0.01326141       -0.03618348       -0.04694176       -0.03917432       -0.01279753 
       -0.01323345       -0.03613794       -0.04701090       -0.03930187       -0.01284415 
       -0.01320478       -0.03609055       -0.04707587       -0.03942597       -0.01288980 
       -0.01317573       -0.03604168       -0.04713750       -0.03954673       -0.01293427 
       -0.01314583       -0.03599072       -0.04719591       -0.03966320       -0.01297683 
       -0.01311499       -0.03593749       -0.04725069       -0.03977668       -0.01301908 
       -0.01308429       -0.03588331       -0.04730213       -0.03988588       -0.01305908 
       -0.01305273       -0.03582710       -0.04735029       -0.03999221       -0.01309860 
       -0.01302138       -0.03577018       -0.04739541       -0.04009521       -0.01313663 
       -0.01298916       -0.03571177       -0.04743743       -0.04019415       -0.01317352 
       -0.01295644       -0.03565145       -0.04747653       -0.04029059       -0.01320964 
       -0.01292333       -0.03558981       -0.04751241       -0.04038358       -0.01324439 
       -0.01289016       -0.03552735       -0.04754496       -0.04047298       -0.01327783 
       -0.01285616       -0.03546315       -0.04757529       -0.04055989       -0.01331079 
       -0.01282239       -0.03539860       -0.04760289       -0.04064238       -0.01334167 
       -0.01278824       -0.03533292       -0.04762775       -0.04072309       -0.01337236 
       -0.01275381       -0.03526592       -0.04764938       -0.04080063       -0.01340175 
       -0.01271901       -0.03519791       -0.04766858       -0.04087412       -0.01342982 
       -0.01268426       -0.03512913       -0.04768533       -0.04094577       -0.01345718 
       -0.01264879       -0.03505898       -0.04769957       -0.04101408       -0.01348364 
       -0.01261362       -0.03498876       -0.04771137       -0.04107952       -0.01350880 
       -0.01257831       -0.03491759       -0.04772055       -0.04114163       -0.01353294 
       -0.01254278       -0.03484559       -0.04772753       -0.04120123       -0.01355618 
       -0.01250714       -0.03477311       -0.04773182       -0.04125816       -0.01357847 
       -0.01247120       -0.03469968       -0.04773408       -0.04131222       -0.01359990 
       -0.01243502       -0.03462493       -0.04773349       -0.04136348       -0.01362017 
       -0.01239884       -0.03455031       -0.04773134       -0.04141176       -0.01363954 
       -0.01236272       -0.03447503       -0.04772687       -0.04145718       -0.01365790 
       -0.01232633       -0.03439891       -0.04771972       -0.04150045       -0.01367554 
       -0.01228979       -0.03432214       -0.04771066       -0.04154110       -0.01369226 
       -0.01225331       -0.03424489       -0.04769933       -0.04157865       -0.01370767 
       -0.01221675       -0.03416711       -0.04768592       -0.04161382       -0.01372257 
       -0.01218009       -0.03408897       -0.04767025       -0.04164678       -0.01373667 
       -0.01214311       -0.03400981       -0.04765284       -0.04167676       -0.01374957 
       -0.01210657       -0.03393060       -0.04763299       -0.04170454       -0.01376194 
       -0.01206967       -0.03385067       -0.04761142       -0.04172951       -0.01377332 
       -0.01203296       -0.03377074       -0.04758751       -0.04175192       -0.01378369 
       -0.01199597       -0.03368986       -0.04756176       -0.04177213       -0.01379335 
       -0.01195878       -0.03360832       -0.04753411       -0.04178989       -0.01380217 
       -0.01192188       -0.03352690       -0.04750466       -0.04180527       -0.01381007 
       -0.01188499       -0.03344494       -0.04747313       -0.04181767       -0.01381707 
       -0.01184776       -0.03336221       -0.04743946       -0.04182822       -0.01382312 
       -0.01181087       -0.03327942       -0.04740405       -0.04183638       -0.01382861 
       -0.01177377       -0.03319633       -0.04736698       -0.04184216       -0.01383325 
       -0.01173663       -0.03311259       -0.04732782       -0.04184568       -0.01383737 
       -0.01169962       -0.03302836       -0.04728687       -0.04184711       -0.01384038 
       -0.01166257       -0.03294396       -0.04724377       -0.04184574       -0.01384252 
       -0.01162538       -0.03285921       -0.04719955       -0.04184270       -0.01384401 
       -0.01158807       -0.03277391       -0.04715335       -0.04183698       -0.01384479 
       -0.01155114       -0.03268862       -0.04710507       -0.04182953       -0.01384476 
       -0.01151389       -0.03260249       -0.04705530       -0.04181951       -0.01384389 
       -0.01147664       -0.03251582       -0.04700345       -0.04180783       -0.01384243 
       -0.01143947       -0.03242934       -0.04695022       -0.04179370       -0.01384014 
       -0.01140252       -0.03234249       -0.04689527       -0.04177725       -0.01383719 
       -0.01136506       -0.03225499       -0.04683822       -0.04175913       -0.01383355 
       -0.01132768       -0.03216708       -0.04678011       -0.04173839       -0.01382887 
       -0.01129058       -0.03207910       -0.04671985       -0.04171586       -0.01382378 
       -0.01125327       -0.03199077       -0.04665816       -0.04169148       -0.01381788 
       -0.01121596       -0.03190202       -0.04659474       -0.04166472       -0.01381123 
       -0.01117882       -0.03181297       -0.04652977       -0.04163647       -0.01380408 
       -0.01114175       -0.03172374       -0.04646337       -0.04160535       -0.01379582 
       -0.01110452       -0.03163433       -0.04639536       -0.04157317       -0.01378745 
       -0.01106703       -0.03154397       -0.04632533       -0.04153866       -0.01377794 
       -0.01102960       -0.03145367       -0.04625463       -0.04150206       -0.01376793 
       -0.01099241       -0.03136307       -0.04618156       -0.04146397       -0.01375735 
       -0.01095504       -0.03127193       -0.04610735       -0.04142410       -0.01374623 
       -0.01091763       -0.03118068       -0.04603177       -0.04138219       -0.01373440 
       -0.01088035       -0.03108919       -0.04595423       -0.04133791       -0.01372153 
       -0.01084289       -0.03099716       -0.04587543       -0.04129219       -0.01370820 
       -0.01080549       -0.03090507       -0.04579550       -0.04124522       -0.01369449 
       -0.01076820       -0.03081262       -0.04571366       -0.04119569       -0.01368016 
       -0.01073071       -0.03071964       -0.04563063       -0.04114473       -0.01366499 
       -0.01069331       -0.03062660       -0.04554629       -0.04109204       -0.01364928 
       -0.01065588       -0.03053337       -0.04546064       -0.04103774       -0.01363298 
       -0.01061836       -0.03043950       -0.04537308       -0.04098147       -0.01361617 
       -0.01058111       -0.03034562       -0.04528445       -0.04092377       -0.01359865 
       -0.01054356       -0.03025144       -0.04519439       -0.04086477       -0.01358080 
       -0.01050603       -0.03015673       -0.04510367       -0.04080361       -0.01356217 
       -0.01046845       -0.03006172       -0.04501057       -0.04074085       -0.01354301 
       -0.01043105       -0.02996677       -0.04491675       -0.04067647       -0.01352331 
       -0.01039353       -0.02987140       -0.04482180       -0.04061079       -0.01350302 
       -0.01035601       -0.02977574       -0.04472530       -0.04054356       -0.01348230 
       -0.01031840       -0.02967989       -0.04462761       -0.04047453       -0.01346099 
       -0.01028094       -0.02958381       -0.04452872       -0.04040432       -0.01343915 
       -0.01024336       -0.02948743       -0.04442871       -0.04033232       -0.01341683 
       -0.01020584       -0.02939063       -0.04432720       -0.04025900       -0.01339385 
       -0.01016814       -0.02929372       -0.04422486       -0.04018432       -0.01337057 
       -0.01013055       -0.02919644       -0.04412085       -0.04010797       -0.01334667 
       -0.01009300       -0.02909911       -0.04401606       -0.04003036       -0.01332232 
       -0.01005548       -0.02900159       -0.04391038       -0.03995138       -0.01329738 
       -0.01001772       -0.02890354       -0.04380327       -0.03987116       -0.01327211 
       -0.00998029       -0.02880573       -0.04369485       -0.03978908       -0.01324618 
       -0.00994247       -0.02870727       -0.04358554       -0.03970593       -0.01321986 
       -0.00990483       -0.02860874       -0.04347545       -0.03962183       -0.01319325 
       -0.00986701       -0.02850991       -0.04336417       -0.03953594       -0.01316613 
       -0.00982943       -0.02841085       -0.04325134       -0.03944916       -0.01313850 
       -0.00979185       -0.02831155       -0.04313755       -0.03936082       -0.01311046 
       -0.00975403       -0.02821225       -0.04302365       -0.03927165       -0.01308191 
       -0.00971642       -0.02811277       -0.04290807       -0.03918082       -0.01305288 
       -0.00967869       -0.02801287       -0.04279172       -0.03908926       -0.01302367 
       -0.00964080       -0.02791268       -0.04267412       -0.03899580       -0.01299369 
       -0.00960338       -0.02781281       -0.04255584       -0.03890181       -0.01296359 
       -0.00956562       -0.02771240       -0.04243645       -0.03880650       -0.01293308 
       -0.00952788       -0.02761173       -0.04231629       -0.03871012       -0.01290211 
       -0.00949012       -0.02751109       -0.04219511       -0.03861260       -0.01287079 
       -0.00945224       -0.02741009       -0.04207322       -0.03851414       -0.01283920 
       -0.00941460       -0.02730918       -0.04195029       -0.03841472       -0.01280710 
       -0.00937679       -0.02720779       -0.04182678       -0.03831410       -0.01277485 
       -0.00933896       -0.02710629       -0.04170206       -0.03821224       -0.01274183 
       -0.00930130       -0.02700484       -0.04157686       -0.03810954       -0.01270860 
       -0.00926359       -0.02690315       -0.04145074       -0.03800577       -0.01267502 
       -0.00922580       -0.02680132       -0.04132396       -0.03790128       -0.01264128 
       -0.00918815       -0.02669945       -0.04119629       -0.03779572       -0.01260710 
       -0.00915043       -0.02659732       -0.04106778       -0.03768948       -0.01257282 
       -0.00911270       -0.02649519       -0.04093874       -0.03758213       -0.01253790 
       -0.00907494       -0.02639288       -0.04080909       -0.03747371       -0.01250279 
       -0.00903724       -0.02629030       -0.04067826       -0.03736454       -0.01246732 
       -0.00899957       -0.02618787       -0.04054707       -0.03725469       -0.01243159 
       -0.00896183       -0.02608520       -0.04041529       -0.03714380       -0.01239558 
       -0.00892438       -0.02598256       -0.04028255       -0.03703225       -0.01235928 
       -0.00888672       -0.02587968       -0.04014921       -0.03691989       -0.01232278 
       -0.00884910       -0.02577680       -0.04001564       -0.03680679       -0.01228596 
       -0.00881150       -0.02567375       -0.03988123       -0.03669262       -0.01224868 
       -0.00877386       -0.02557054       -0.03974587       -0.03657794       -0.01221125 
       -0.00873634       -0.02546749       -0.03961030       -0.03646240       -0.01217350 
       -0.00869887       -0.02536434       -0.03947407       -0.03634632       -0.01213551 
       -0.00866127       -0.02526098       -0.03933725       -0.03622961       -0.01209760 
       -0.00862364       -0.02515766       -0.03920025       -0.03611189       -0.01205908 
       -0.00858615       -0.02505428       -0.03906241       -0.03599373       -0.01202044 
       -0.00854860       -0.02495074       -0.03892413       -0.03587490       -0.01198158 
       -0.00851132       -0.02484751       -0.03878522       -0.03575528       -0.01194239 
       -0.00847366       -0.02474380       -0.03864616       -0.03563523       -0.01190315 
       -0.00843646       -0.02464032       -0.03850633       -0.03551477       -0.01186365 
       -0.00839894       -0.02453670       -0.03836614       -0.03539324       -0.01182382 
       -0.00836161       -0.02443308       -0.03822544       -0.03527147       -0.01178388 
       -0.00832441       -0.02432954       -0.03808439       -0.03514919       -0.01174383 
       -0.00828709       -0.02422592       -0.03794292       -0.03502607       -0.01170339 
       -0.00824982       -0.02412236       -0.03780118       -0.03490275       -0.01166284 
       -0.00821266       -0.02401873       -0.03765881       -0.03477886       -0.01162218 
       -0.00817551       -0.02391517       -0.03751633       -0.03465444       -0.01158141 
       -0.00813834       -0.02381155       -0.03737333       -0.03452945       -0.01154031 
       -0.00810125       -0.02370802       -0.03723028       -0.03440398       -0.01149902 
       -0.00806423       -0.02360445       -0.03708661       -0.03427845       -0.01145776 
       -0.00802729       -0.02350098       -0.03694254       -0.03415209       -0.01141617 
       -0.00799023       -0.02339754       -0.03679854       -0.03402561       -0.01137459 
       -0.00795327       -0.02329403       -0.03665388       -0.03389829       -0.01133263 
       -0.00791644       -0.02319062       -0.03650916       -0.03377086       -0.01129055 
       -0.00787961       -0.02308738       -0.03636423       -0.03364313       -0.01124857 
       -0.00784290       -0.02298403       -0.03621882       -0.03351483       -0.01120630 
       -0.00780614       -0.02288073       -0.03607330       -0.03338626       -0.01116395 
       -0.00776942       -0.02277762       -0.03592753       -0.03325745       -0.01112141 
       -0.00773284       -0.02267450       -0.03578165       -0.03312838       -0.01107888 
       -0.00769626       -0.02257141       -0.03563547       -0.03299874       -0.01103604 
       -0.00765976       -0.02246854       -0.03548899       -0.03286892       -0.01099330 
       -0.00762327       -0.02236563       -0.03534263       -0.03273892       -0.01095025 
       -0.00758687       -0.02226287       -0.03519595       -0.03260851       -0.01090719 
       -0.00755052       -0.02216017       -0.03504908       -0.03247815       -0.01086417 
       -0.00751416       -0.02205747       -0.03490210       -0.03234720       -0.01082093 
       -0.00747789       -0.02195486       -0.03475496       -0.03221598       -0.01077756 
       -0.00744177       -0.02185267       -0.03460780       -0.03208491       -0.01073425 
       -0.00740567       -0.02175027       -0.03446046       -0.03195316       -0.01069064 
       -0.00736961       -0.02164811       -0.03431296       -0.03182146       -0.01064709 
       -0.00733364       -0.02154613       -0.03416541       -0.03168967       -0.01060350 
       -0.00729765       -0.02144411       -0.03401774       -0.03155771       -0.01055981 
       -0.00726184       -0.02134222       -0.03387013       -0.03142545       -0.01051606 
       -0.00722593       -0.02124047       -0.03372255       -0.03129306       -0.01047227 
       -0.00719024       -0.02113894       -0.03357479       -0.03116050       -0.01042835 
       -0.00715464       -0.02103764       -0.03342700       -0.03102797       -0.01038446 
       -0.00711909       -0.02093637       -0.03327918       -0.03089520       -0.01034044 
       -0.00708349       -0.02083513       -0.03313124       -0.03076243       -0.01029649 
       -0.00704800       -0.02073413       -0.03298360       -0.03062955       -0.01025251 
       -0.00701264       -0.02063325       -0.03283566       -0.03049654       -0.01020840 
       -0.00697745       -0.02053276       -0.03268790       -0.03036326       -0.01016422 
       -0.00694217       -0.02043208       -0.03254011       -0.03023034       -0.01012015 
       -0.00690700       -0.02033174       -0.03239244       -0.03009689       -0.01007581 
       -0.00687201       -0.02023168       -0.03224468       -0.02996379       -0.01003174 
       -0.00683703       -0.02013168       -0.03209701       -0.02983052       -0.00998752 
       -0.00680211       -0.02003184       -0.03194946       -0.02969730       -0.00994335 
       -0.00676729       -0.01993221       -0.03180194       -0.02956387       -0.00989902 
       -0.00673258       -0.01983273       -0.03165460       -0.02943069       -0.00985485 
       -0.00669787       -0.01973355       -0.03150727       -0.02929741       -0.00981061 
       -0.00666337       -0.01963443       -0.03136003       -0.02916402       -0.00976631 
       -0.00662884       -0.01953551       -0.03121285       -0.02903080       -0.00972208 
       -0.00659432       -0.01943670       -0.03106587       -0.02889770       -0.00967786 
       -0.00656006       -0.01933832       -0.03091902       -0.02876437       -0.00963356 
       -0.00652585       -0.01924013       -0.03077227       -0.02863127       -0.00958936 
       -0.00649165       -0.01914197       -0.03062558       -0.02849826       -0.00954509 
       -0.00645754       -0.01904410       -0.03047922       -0.02836516       -0.00950089 
       -0.00642361       -0.01894653       -0.03033292       -0.02823240       -0.00945674 
       -0.00638977       -0.01884918       -0.03018677       -0.02809951       -0.00941265 
       -0.00635599       -0.01875193       -0.03004082       -0.02796686       -0.00936848 
       -0.00632229       -0.01865494       -0.02989501       -0.02783421       -0.00932439 
       -0.00628871       -0.01855820       -0.02974929       -0.02770174       -0.00928034 
       -0.00625519       -0.01846170       -0.02960399       -0.02756922       -0.00923628 
       -0.00622176       -0.01836541       -0.02945876       -0.02743697       -0.00919218 
       -0.00618845       -0.01826939       -0.02931368       -0.02730478       -0.00914823 
       -0.00615515       -0.01817355       -0.02916896       -0.02717300       -0.00910445 
       -0.00612209       -0.01807798       -0.02902438       -0.02704099       -0.00906049 
       -0.00608900       -0.01798263       -0.02888006       -0.02690937       -0.00901667 
       -0.00605609       -0.01788755       -0.02873591       -0.02677783       -0.00897287 
       -0.00602333       -0.01779282       -0.02859202       -0.02664641       -0.00892913 
       -0.00599054       -0.01769811       -0.02844846       -0.02651528       -0.00888548 
       -0.00595785       -0.01760381       -0.02830508       -0.02638407       -0.00884175 
       -0.00592531       -0.01750974       -0.02816208       -0.02625337       -0.00879827 
       -0.00589290       -0.01741600       -0.02801925       -0.02612275       -0.00875474 
       -0.00586059       -0.01732250       -0.02787662       -0.02599227       -0.00871128 
       -0.00582837       -0.01722923       -0.02773437       -0.02586207       -0.00866788 
       -0.00579622       -0.01713619       -0.02759238       -0.02573210       -0.00862458 
       -0.00576422       -0.01704349       -0.02745071       -0.02560231       -0.00858131 
       -0.00573227       -0.01695102       -0.02730927       -0.02547282       -0.00853821 
       -0.00570048       -0.01685882       -0.02716808       -0.02534345       -0.00849512 
       -0.00566875       -0.01676686       -0.02702732       -0.02521445       -0.00845209 
       -0.00563714       -0.01667517       -0.02688673       -0.02508557       -0.00840907 
       -0.00560565       -0.01658389       -0.02674656       -0.02495696       -0.00836620 
       -0.00557424       -0.01649275       -0.02660678       -0.02482861       -0.00832339 
       -0.00554296       -0.01640198       -0.02646726       -0.02470061       -0.00828077 
       -0.00551185       -0.01631156       -0.02632806       -0.02457270       -0.00823809 
       -0.00548074       -0.01622130       -0.02618924       -0.02444519       -0.00819554 
       -0.00544976       -0.01613127       -0.02605054       -0.02431792       -0.00815307 
