        0.00000000        0.00000000        0.00000000        0.00000000        0.00000000 
        0.00000000        0.00000000        0.00000000        0.00000000        0.00000000 
        0.00000000        0.00000000        0.00000000        0.00000000        0.00000000 
        0.00000000        0.00000000        0.00000000        0.00000000        0.00000000 
        0.00000000        0.00000000        0.00000000        0.00000000        0.00000000 
        0.00000000        0.00000000        0.00000000        0.00000000        0.00000000 
        0.00000000        0.00000000        0.00000000        0.00000000        0.00000000 
        0.00000000        0.00000000        0.00000000        0.00000000        0.00000000 
        0.00000000        0.00000000        0.00000000        0.00000000        0.00000000 
        0.00000000        0.00000000        0.00000000        0.00000000        0.00000000 
        0.00000000        0.00000000        0.00000000        0.00000000        0.00000000 
        0.00000000        0.00000000        0.00000000        0.00000000        0.00000000 
        0.00000000        0.00000000        0.00000000        0.00000000        0.00000000 
        0.00000000        0.00000000        0.00000000        0.00000000        0.00000000 
        0.00000000        0.00000000        0.00000000        0.00000000        0.00000000 
        0.00000000        0.00000000        0.00000000        0.00000000        0.00000000 
        0.00000000        0.00000000        0.00000000        0.00000000        0.00000000 
        0.00000000        0.00000000        0.00000000        0.00000000        0.00000000 
        0.00000000        0.00000000        0.00000000        0.00000000        0.00000000 
        0.00000000        0.00000000        0.00000000        0.00000000        0.00000000 
        0.00000000        0.00000000        0.00000000        0.00000000        0.00000000 
        0.00000000        0.00000000        0.00000000        0.00000000        0.00000000 
        0.00000000        0.00000000        0.00000000        0.00000000        0.00000000 
        0.00000000        0.00000000        0.00000000        0.00000000        0.00000000 
        0.00000000        0.00000000        0.00000000        0.00000000        0.00000000 
        0.00000000        0.00000000        0.00000000        0.00000000        0.00000000 
        0.00000000        0.00000000        0.00000000        0.00000000        0.00000000 
        0.00000000        0.00000000        0.00000000        0.00000000        0.00000000 
        0.00000000        0.00000000        0.00000000        0.00000000        0.00000000 
        0.00000000        0.00000000        0.00000000        0.00000000        0.00000000 
        0.00000000        0.00000000        0.00000000        0.00000000        0.00000000 
        0.00000000        0.00000000        0.00000000        0.00000000        0.00000000 
        0.00000000        0.00000000        0.00000000        0.00000000        0.00000000 
        0.00000000        0.00000000        0.00000000        0.00000000        0.00000000 
        0.00000000        0.00000000        0.00000000        0.00000000        0.00000000 
        0.00000000        0.00000000        0.00000000        0.00000000        0.00000000 
        0.00000000        0.00000000        0.00000000        0.00000000        0.00000000 
        0.00000000        0.00000000        0.00000000        0.00000000        0.00000000 
        0.00000000        0.00000000        0.00000000        0.00000000        0.00000000 
        0.00000000        0.00000000        0.00000000        0.00000000        0.00000000 
        0.00000000        0.00000000        0.00000000        0.00000000        0.00000000 
        0.00000000        0.00000000        0.00000000        0.00000000        0.00000000 
        0.00000000        0.00000000        0.00000000        0.00000000        0.00000000 
        0.00000000        0.00000000        0.00000000        0.00000000        0.00000000 
        0.00000000        0.00000000        0.00000000        0.00000000        0.00000000 
        0.00000000        0.00000000        0.00000000        0.00000000        0.00000000 
        0.00000000        0.00000000        0.00000000        0.00000000        0.00000000 
        0.00000000        0.00000000        0.00000000        0.00000000        0.00000000 
        0.00000000        0.00000000        0.00000000        0.00000000        0.00000000 
        0.00000000        0.00000000        0.00000000        0.00000000        0.00000000 
        0.00000000        0.00000000        0.00000000        0.00000000        0.00000000 
        0.00000000        0.00000000        0.00000000        0.00000000        0.00000000 
        0.00000000        0.00000000        0.00000000        0.00000000        0.00000000 
        0.00000000        0.00000000        0.00000000        0.00000000        0.00000000 
        0.00000000        0.00000000        0.00000000        0.00000000        0.00000000 
        0.00000000        0.00000000        0.00000000        0.00000000        0.00000000 
        0.00000000        0.00000000        0.00000000        0.00000000        0.00000000 
        0.00000000        0.00000000        0.00000000        0.00000000        0.00000000 
        0.00000000        0.00000000        0.00000000        0.00000000        0.00000000 
        0.00000000        0.00000000        0.00000000        0.00000000        0.00000000 
        0.00000000        0.00000000        0.00000000        0.00000000        0.00000000 
        0.00000000        0.00000000        0.00000000        0.00000000        0.00000000 
        0.00000000        0.00000000        0.00000000        0.00000000        0.00000000 
        0.00000000        0.00000000        0.00000000        0.00000000        0.00000000 
        0.00000000        0.00000000        0.00000000        0.00000000        0.00000000 
        0.00000000        0.00000000        0.00000000        0.00000000        0.00000000 
        0.00000000        0.00000000        0.00000000        0.00000000        0.00000000 
        0.00000000        0.00000000        0.00000000        0.00000000        0.00000000 
        0.00000000        0.00000000        0.00000000        0.00000000        0.00000000 
        0.00000000        0.00000000        0.00000000        0.00000000        0.00000000 
        0.00000000        0.00000000        0.00000000        0.00000000        0.00000000 
        0.00000000        0.00000000        0.00000000        0.00000000        0.00000000 
        0.00000000        0.00000000        0.00000000        0.00000000        0.00000000 
        0.00000000        0.00000000        0.00000000        0.00000000        0.00000000 
        0.00000000        0.00000000        0.00000000        0.00000000        0.00000000 
        0.00000000        0.00000000        0.00000000        0.00000000        0.00000000 
        0.00000000        0.00000000        0.00000000        0.00000000        0.00000000 
        0.00000000        0.00000000        0.00000000        0.00000000        0.00000000 
        0.00000000        0.00000000        0.00000000        0.00000000        0.00000000 
        0.00000000        0.00000000        0.00000000        0.00000000        0.00000000 
        0.00000000        0.00000000        0.00000000        0.00000000        0.00000000 
        0.00000000        0.00000000        0.00000000        0.00000000        0.00000000 
        0.00000000        0.00000000        0.00000000        0.00000000        0.00000000 
        0.00000000        0.00000000        0.00000000        0.00000000        0.00000000 
        0.00000000        0.00000000        0.00000000        0.00000000        0.00000000 
        0.00000000        0.00000000        0.00000000        0.00000000        0.00000000 
        0.00000000        0.00000000        0.00000000        0.00000000        0.00000000 
        0.00000000        0.00000000        0.00000000        0.00000000        0.00000000 
        0.00000000        0.00000000        0.00000000        0.00000000        0.00000000 
        0.00000000        0.00000000        0.00000000        0.00000000        0.00000000 
        0.00000000        0.00000000        0.00000000        0.00000000        0.00000000 
        0.00000000        0.00000000        0.00000000        0.00000000        0.00000000 
        0.00000000        0.00000000        0.00000000        0.00000000        0.00000000 
        0.00000000        0.00000000        0.00000000        0.00000000        0.00000000 
        0.00000000        0.00000000        0.00000000        0.00000000        0.00000000 
        0.00000000        0.00000000        0.00000000        0.00000000        0.00000000 
        0.00000000        0.00000000        0.00000000        0.00000000        0.00000000 
        0.00000000        0.00000000        0.00000000        0.00000000        0.00000000 
        0.00000000        0.00000000        0.00000000        0.00000000        0.00000000 
        0.00000000        0.00000000        0.00000000        0.00000000        0.00000000 
        0.00000000        0.00000000        0.00000000        0.00000000        0.00000000 
        0.00000000        0.00000000        0.00000000        0.00000000        0.00000000 
        0.00000000        0.00000000        0.00000000        0.00000000        0.00000000 
        0.00000000        0.00000000        0.00000000        0.00000000        0.00000000 
        0.00000000        0.00000000        0.00000000        0.00000000        0.00000000 
        0.00000000        0.00000000        0.00000000        0.00000000        0.00000000 
        0.00000000        0.00000000        0.00000000        0.00000000        0.00000000 
        0.00000000        0.00000000        0.00000000        0.00000000        0.00000000 
        0.00000000        0.00000000        0.00000000        0.00000000        0.00000000 
        0.00000000        0.00000000        0.00000000        0.00000000        0.00000000 
        0.00000000        0.00000000        0.00000000        0.00000000        0.00000000 
        0.00000000        0.00000000        0.00000000        0.00000000        0.00000000 
        0.00000000        0.00000000        0.00000000        0.00000000        0.00000000 
        0.00000000        0.00000000        0.00000000        0.00000000        0.00000000 
        0.00000000        0.00000000        0.00000000        0.00000000        0.00000000 
        0.00000000        0.00000000        0.00000000        0.00000000        0.00000000 
        0.00000000        0.00000000        0.00000000        0.00000000        0.00000000 
        0.00000000        0.00000000        0.00000000        0.00000000        0.00000000 
        0.00000000        0.00000000        0.00000000        0.00000000        0.00000000 
        0.00000000        0.00000000        0.00000000        0.00000000        0.00000000 
        0.00000000        0.00000000        0.00000000        0.00000000        0.00000000 
        0.00000000        0.00000000        0.00000000        0.00000000        0.00000000 
        0.00000000        0.00000000        0.00000000        0.00000000        0.00000000 
        0.00000000        0.00000000        0.00000000        0.00000000        0.00000000 
        0.00000000        0.00000000        0.00000000        0.00000000        0.00000000 
        0.00000000        0.00000000        0.00000000        0.00000000        0.00000000 
        0.00000000        0.00000000        0.00000000        0.00000000        0.00000000 
        0.00000000        0.00000000        0.00000000        0.00000000        0.00000000 
        0.00000000        0.00000000        0.00000000        0.00000000        0.00000000 
        0.00000000        0.00000000        0.00000000        0.00000000        0.00000000 
        0.00000000        0.00000000        0.00000001        0.00000001        0.00000000 
        0.00000000        0.00000000        0.00000001        0.00000001        0.00000000 
        0.00000000        0.00000000        0.00000001        0.00000001        0.00000000 
        0.00000000        0.00000000        0.00000002        0.00000002        0.00000000 
        0.00000000        0.00000000        0.00000003        0.00000003        0.00000000 
        0.00000000        0.00000000        0.00000004        0.00000005        0.00000000 
        0.00000000        0.00000000        0.00000007        0.00000007        0.00000001 
        0.00000000        0.00000001        0.00000010        0.00000011        0.00000001 
        0.00000000        0.00000001        0.00000015        0.00000016        0.00000002 
        0.00000000        0.00000002        0.00000022        0.00000024        0.00000003 
        0.00000000        0.00000002        0.00000033        0.00000036        0.00000004 
        0.00000001        0.00000004        0.00000048        0.00000052        0.00000006 
        0.00000001        0.00000005        0.00000071        0.00000077        0.00000009 
        0.00000001        0.00000008        0.00000103        0.00000112        0.00000014 
        0.00000002        0.00000012        0.00000148        0.00000162        0.00000020 
        0.00000003        0.00000017        0.00000213        0.00000232        0.00000029 
        0.00000004        0.00000026        0.00000304        0.00000332        0.00000043 
        0.00000006        0.00000037        0.00000432        0.00000472        0.00000062 
        0.00000009        0.00000054        0.00000610        0.00000666        0.00000090 
        0.00000013        0.00000078        0.00000856        0.00000936        0.00000129 
        0.00000019        0.00000112        0.00001193        0.00001307        0.00000183 
        0.00000028        0.00000160        0.00001655        0.00001814        0.00000259 
        0.00000040        0.00000227        0.00002282        0.00002504        0.00000365 
        0.00000057        0.00000320        0.00003129        0.00003436        0.00000511 
        0.00000080        0.00000450        0.00004265        0.00004688        0.00000711 
        0.00000113        0.00000628        0.00005780        0.00006359        0.00000983 
        0.00000158        0.00000871        0.00007788        0.00008576        0.00001351 
        0.00000221        0.00001203        0.00010435        0.00011500        0.00001847 
        0.00000306        0.00001651        0.00013901        0.00015332        0.00002510 
        0.00000421        0.00002254        0.00018415        0.00020324        0.00003391 
        0.00000577        0.00003060        0.00024255        0.00026788        0.00004554 
        0.00000786        0.00004132        0.00031769        0.00035107        0.00006081 
        0.00001065        0.00005548        0.00041376        0.00045749        0.00008072 
        0.00001435        0.00007409        0.00053587        0.00059279        0.00010653 
        0.00001922        0.00009840        0.00069014        0.00076376        0.00013979 
        0.00002562        0.00012997        0.00088388        0.00097850        0.00018237 
        0.00003396        0.00017075        0.00112574        0.00124657        0.00023654 
        0.00004476        0.00022309        0.00142586        0.00157918        0.00030503 
        0.00005868        0.00028991        0.00179607        0.00198934        0.00039109 
        0.00007652        0.00037470        0.00225001        0.00249208        0.00049855 
        0.00009924        0.00048169        0.00280330        0.00310452        0.00063190 
        0.00012801        0.00061589        0.00347369        0.00384604        0.00079633 
        0.00016423        0.00078327        0.00428114        0.00473838        0.00099784 
        0.00020959        0.00099082        0.00524789        0.00580562        0.00124322 
        0.00026605        0.00124667        0.00639850        0.00707425        0.00154015 
        0.00033594        0.00156026        0.00775983        0.00857300        0.00189719 
        0.00042194        0.00194239        0.00936093        0.01033274        0.00232381 
        0.00052718        0.00240534        0.01123287        0.01238618        0.00283034 
        0.00065520        0.00296294        0.01340850        0.01476756        0.00342794 
        0.00081008        0.00363066        0.01592213        0.01751214        0.00412847 
        0.00099637        0.00442558        0.01880903        0.02065567        0.00494443 
        0.00121915        0.00536642        0.02210498        0.02423373        0.00588875 
        0.00148406        0.00647348        0.02584562        0.02828090        0.00697459 
        0.00179727        0.00776851        0.03006569        0.03282990        0.00821506 
        0.00216547        0.00927454        0.03479830        0.03791070        0.00962299 
        0.00259585        0.01101570        0.04007405        0.04354944        0.01121055 
        0.00309599        0.01301677        0.04592005        0.04976739        0.01298885 
        0.00367391        0.01530301        0.05235903        0.05657991        0.01496766 
        0.00433785        0.01789953        0.05940833        0.06399542        0.01715485 
        0.00509619        0.02083084        0.06707905        0.07201444        0.01955613 
        0.00595740        0.02412034        0.07537501        0.08062872        0.02217452 
        0.00692971        0.02778951        0.08429202        0.08982045        0.02501005 
        0.00802108        0.03185734        0.09381710        0.09956177        0.02805937 
        0.00923890        0.03633967        0.10392801        0.10981432        0.03131548 
        0.01058986        0.04124826        0.11459263        0.12052934        0.03476754 
        0.01207958        0.04659025        0.12576894        0.13164736        0.03840068 
        0.01371253        0.05236741        0.13740487        0.14309911        0.04219600 
        0.01549158        0.05857538        0.14943847        0.15480590        0.04613061 
        0.01741819        0.06520338        0.16179858        0.16668054        0.05017783 
        0.01949161        0.07223354        0.17440502        0.17862865        0.05430744 
        0.02170916        0.07964055        0.18716992        0.19055009        0.05848614 
        0.02406579        0.08739164        0.19999871        0.20234075        0.06267802 
        0.02655403        0.09544630        0.21279104        0.21389383        0.06684507 
        0.02916404        0.10375682        0.22544311        0.22510239        0.07094796 
        0.03188334        0.11226833        0.23784824        0.23586109        0.07494681 
        0.03469682        0.12091923        0.24989912        0.24606791        0.07880190 
        0.03758720        0.12964228        0.26148957        0.25562650        0.08247432 
        0.04053472        0.13836557        0.27251649        0.26444763        0.08592719 
        0.04351749        0.14701268        0.28288066        0.27245119        0.08912569 
        0.04651192        0.15550515        0.29248983        0.27956745        0.09203857 
        0.04949228        0.16376254        0.30125925        0.28573808        0.09463823 
        0.05243272        0.17170504        0.30911320        0.29091761        0.09690136 
        0.05530584        0.17925388        0.31598645        0.29507330        0.09880950 
        0.05808388        0.18633315        0.32182577        0.29818651        0.10034916 
        0.06073973        0.19287136        0.32658920        0.30025113        0.10151184 
        0.06324643        0.19880277        0.33024856        0.30127555        0.10229506 
        0.06557833        0.20406792        0.33278772        0.30127925        0.10270047 
        0.06771147        0.20861587        0.33420402        0.30029476        0.10273522 
        0.06962323        0.21240339        0.33450776        0.29836458        0.10241097 
        0.07129419        0.21539813        0.33372116        0.29554105        0.10174358 
        0.07270730        0.21757686        0.33187824        0.29188436        0.10075250 
        0.07384908        0.21892726        0.32902336        0.28746188        0.09946093 
        0.07470846        0.21944618        0.32521051        0.28234601        0.09789389 
        0.07527840        0.21914208        0.32050300        0.27661252        0.09607884 
        0.07555577        0.21803224        0.31496888        0.27033973        0.09404433 
        0.07554007        0.21614349        0.30868435        0.26360619        0.09181967 
        0.07523555        0.21351129        0.30172896        0.25649011        0.08943471 
        0.07464907        0.21017855        0.29418361        0.24906862        0.08691874 
        0.07379103        0.20619500        0.28613269        0.24141514        0.08430004 
        0.07267421        0.20161486        0.27765954        0.23359996        0.08160618 
        0.07131505        0.19649816        0.26884657        0.22568798        0.07886243 
        0.06973124        0.19090688        0.25977379        0.21774006        0.07609281 
        0.06794351        0.18490577        0.25051767        0.20981073        0.07331911 
        0.06597316        0.17855972        0.24115086        0.20194995        0.07056084 
        0.06384271        0.17193413        0.23174095        0.19420028        0.06783554 
        0.06157574        0.16509229        0.22235054        0.18659925        0.06515795 
        0.05919620        0.15809661        0.21303546        0.17917794        0.06254074 
        0.05672708        0.15100455        0.20384586        0.17196250        0.05999464 
        0.05419186        0.14387220        0.19482553        0.16497344        0.05752736 
        0.05161247        0.13675010        0.18601227        0.15822607        0.05514586 
        0.04901037        0.12968516        0.17743814        0.15173095        0.05285451 
        0.04640490        0.12271827        0.16912800        0.14549524        0.05065596 
        0.04381448        0.11588633        0.16110152        0.13952112        0.04855171 
        0.04125634        0.10922176        0.15337449        0.13380969        0.04654208 
        0.03874391        0.10275030        0.14595616        0.12835646        0.04462576 
        0.03629130        0.09649462        0.13885272        0.12315756        0.04280117 
        0.03390825        0.09047097        0.13206571        0.11820436        0.04106548 
        0.03160524        0.08469367        0.12559319        0.11348897        0.03941518 
        0.02938899        0.07917064        0.11943138        0.10900187        0.03784722 
        0.02726501        0.07390833        0.11357349        0.10473174        0.03635728 
        0.02523804        0.06890839        0.10801113        0.10066795        0.03494117 
        0.02331004        0.06417042        0.10273385        0.09679919        0.03359476 
        0.02148271        0.05969149        0.09773099        0.09311432        0.03231406 
        0.01975587        0.05546606        0.09298998        0.08960199        0.03109431 
        0.01812887        0.05148804        0.08849871        0.08625221        0.02993268 
        0.01659977        0.04774934        0.08424532        0.08305424        0.02882451 
        0.01516643        0.04424065        0.08021653        0.07999885        0.02776653 
        0.01382533        0.04095191        0.07639968        0.07707703        0.02675560 
        0.01257345        0.03787363        0.07278341        0.07428038        0.02578849 
        0.01140627        0.03499389        0.06935591        0.07160044        0.02486196 
        0.01032037        0.03230333        0.06610620        0.06903070        0.02397400 
        0.00931084        0.02979022        0.06302381        0.06656456        0.02312225 
        0.00837415        0.02744508        0.06009853        0.06419623        0.02230436 
        0.00750548        0.02525717        0.05732089        0.06191933        0.02151829 
        0.00670129        0.02321732        0.05468315        0.05972993        0.02076235 
        0.00595623        0.02131480        0.05217636        0.05762333        0.02003539 
        0.00526738        0.01954144        0.04979187        0.05559474        0.01933545 
        0.00463086        0.01788926        0.04752469        0.05364096        0.01866117 
        0.00404280        0.01634914        0.04536587        0.05175811        0.01801181 
        0.00350007        0.01491469        0.04331100        0.04994249        0.01738572 
        0.00299928        0.01357758        0.04135215        0.04819119        0.01678175 
        0.00253743        0.01233184        0.03948534        0.04650187        0.01619941 
        0.00211141        0.01117051        0.03770471        0.04487091        0.01563734 
        0.00171903        0.01008832        0.03600478        0.04329586        0.01509452 
        0.00135717        0.00907898        0.03438169        0.04177427        0.01457053 
        0.00102437        0.00813824        0.03283012        0.04030430        0.01406425 
        0.00071830        0.00726092        0.03134704        0.03888237        0.01357487 
        0.00043592        0.00644165        0.02992791        0.03750712        0.01310140 
        0.00017589        0.00567639        0.02856851        0.03617615        0.01264346 
       -0.00006267        0.00496244        0.02726626        0.03488827        0.01220065 
       -0.00028229        0.00429475        0.02601713        0.03364003        0.01177123 
       -0.00048435        0.00367033        0.02481806        0.03243017        0.01135504 
       -0.00067019        0.00308609        0.02366662        0.03125757        0.01095232 
       -0.00084126        0.00253814        0.02255952        0.03012013        0.01056117 
       -0.00099862        0.00202465        0.02149427        0.02901661        0.01018202 
       -0.00114310        0.00154293        0.02046895        0.02794552        0.00981408 
       -0.00127620        0.00109059        0.01948154        0.02690536        0.00945690 
       -0.00139856        0.00066495        0.01852912        0.02589470        0.00910971 
       -0.00151181        0.00026387        0.01761031        0.02491254        0.00877249 
       -0.00161600       -0.00011367        0.01672369        0.02395809        0.00844479 
       -0.00171208       -0.00046992        0.01586729        0.02303064        0.00812644 
       -0.00180060       -0.00080639        0.01503921        0.02212822        0.00781673 
       -0.00188234       -0.00112426        0.01423889        0.02125055        0.00751543 
       -0.00195813       -0.00142545        0.01346517        0.02039725        0.00722277 
       -0.00202805       -0.00171059        0.01271588        0.01956654        0.00693756 
       -0.00209272       -0.00198108        0.01199037        0.01875877        0.00666046 
       -0.00215289       -0.00223809        0.01128763        0.01797193        0.00639060 
       -0.00220871       -0.00248253        0.01060694        0.01720655        0.00612831 
       -0.00226036       -0.00271457        0.00994694        0.01646161        0.00587288 
       -0.00230828       -0.00293583        0.00930697        0.01573604        0.00562409 
       -0.00235301       -0.00314665        0.00868642        0.01502919        0.00538170 
       -0.00239468       -0.00334793        0.00808388        0.01434094        0.00514582 
       -0.00243336       -0.00353986        0.00749904        0.01367050        0.00491601 
       -0.00246948       -0.00372350        0.00693130        0.01301759        0.00469264 
       -0.00250328       -0.00389910        0.00637960        0.01238072        0.00447434 
       -0.00253493       -0.00406778        0.00584316        0.01176023        0.00426197 
       -0.00256443       -0.00422943        0.00532156        0.01115495        0.00405449 
       -0.00259209       -0.00438446        0.00481451        0.01056457        0.00385252 
       -0.00261831       -0.00453365        0.00432062        0.00998914        0.00365552 
       -0.00264266       -0.00467700        0.00383997        0.00942707        0.00346309 
       -0.00266570       -0.00481510        0.00337124        0.00887865        0.00327533 
       -0.00268769       -0.00494868        0.00291502        0.00834322        0.00309214 
       -0.00270826       -0.00507760        0.00247002        0.00782025        0.00291297 
       -0.00272784       -0.00520194        0.00203645        0.00730985        0.00273851 
       -0.00274655       -0.00532234        0.00161338        0.00681067        0.00256741 
       -0.00276437       -0.00543934        0.00120014        0.00632322        0.00240055 
       -0.00278121       -0.00555253        0.00079721        0.00584704        0.00223747 
       -0.00279725       -0.00566220        0.00040329        0.00538105        0.00207791 
       -0.00281286       -0.00576901        0.00001889        0.00492573        0.00192189 
       -0.00282770       -0.00587291       -0.00035644        0.00448084        0.00176954 
       -0.00284189       -0.00597370       -0.00072330        0.00404572        0.00162041 
       -0.00285578       -0.00607204       -0.00108141        0.00362045        0.00147465 
       -0.00286889       -0.00616729       -0.00143147        0.00320435        0.00133196 
       -0.00288180       -0.00626051       -0.00177324        0.00279790        0.00119254 
       -0.00289422       -0.00635117       -0.00210738        0.00240058        0.00105631 
       -0.00290614       -0.00643945       -0.00243360        0.00201166        0.00092280 
       -0.00291771       -0.00652534       -0.00275236        0.00163239        0.00079256 
       -0.00292891       -0.00660908       -0.00306368        0.00126082        0.00066501 
       -0.00293982       -0.00669080       -0.00336772        0.00089824        0.00054049 
       -0.00295037       -0.00677007       -0.00366443        0.00054395        0.00041869 
       -0.00296047       -0.00684720       -0.00395405        0.00019771        0.00029966 
       -0.00297019       -0.00692260       -0.00423670       -0.00014061        0.00018334 
       -0.00297970       -0.00699568       -0.00451273       -0.00047058        0.00006995 
       -0.00298876       -0.00706691       -0.00478190       -0.00079298       -0.00004110 
       -0.00299770       -0.00713587       -0.00504434       -0.00110734       -0.00014928 
       -0.00300583       -0.00720263       -0.00530022       -0.00141430       -0.00025496 
       -0.00301388       -0.00726748       -0.00554937       -0.00171411       -0.00035837 
       -0.00302190       -0.00733072       -0.00579196       -0.00200641       -0.00045919 
       -0.00302899       -0.00739133       -0.00602847       -0.00229120       -0.00055733 
       -0.00303617       -0.00745064       -0.00625885       -0.00256908       -0.00065315 
       -0.00304291       -0.00750774       -0.00648296       -0.00283998       -0.00074667 
       -0.00304922       -0.00756299       -0.00670111       -0.00310349       -0.00083762 
       -0.00305539       -0.00761640       -0.00691342       -0.00336069       -0.00092652 
       -0.00306079       -0.00766742       -0.00711972       -0.00361103       -0.00101286 
       -0.00306603       -0.00771695       -0.00732028       -0.00385439       -0.00109705 
       -0.00307125       -0.00776494       -0.00751507       -0.00409174       -0.00117922 
       -0.00307557       -0.00781059       -0.00770426       -0.00432259       -0.00125903 
       -0.00307995       -0.00785452       -0.00788784       -0.00454712       -0.00133684 
       -0.00308394       -0.00789690       -0.00806642       -0.00476551       -0.00141263 
       -0.00308734       -0.00793719       -0.00823921       -0.00497806       -0.00148621 
       -0.00309068       -0.00797588       -0.00840676       -0.00518453       -0.00155792 
       -0.00309339       -0.00801277       -0.00856936       -0.00538516       -0.00162736 
       -0.00309598       -0.00804803       -0.00872666       -0.00558007       -0.00169522 
       -0.00309791       -0.00808126       -0.00887936       -0.00576913       -0.00176078 
       -0.00309969       -0.00811303       -0.00902674       -0.00595307       -0.00182474 
       -0.00310117       -0.00814328       -0.00916958       -0.00613111       -0.00188681 
       -0.00310230       -0.00817192       -0.00930759       -0.00630403       -0.00194693 
       -0.00310285       -0.00819838       -0.00944060       -0.00647175       -0.00200537 
       -0.00310330       -0.00822383       -0.00956962       -0.00663424       -0.00206199 
       -0.00310329       -0.00824749       -0.00969374       -0.00679171       -0.00211692 
       -0.00310315       -0.00826964       -0.00981343       -0.00694430       -0.00217018 
       -0.00310239       -0.00829020       -0.00992891       -0.00709185       -0.00222173 
       -0.00310156       -0.00830948       -0.01004034       -0.00723463       -0.00227156 
       -0.00310028       -0.00832710       -0.01014736       -0.00737289       -0.00232002 
       -0.00309867       -0.00834328       -0.01025018       -0.00750652       -0.00236690 
       -0.00309671       -0.00835782       -0.01034907       -0.00763553       -0.00241223 
       -0.00309452       -0.00837111       -0.01044375       -0.00776023       -0.00245592 
       -0.00309213       -0.00838333       -0.01053515       -0.00788030       -0.00249816 
       -0.00308917       -0.00839388       -0.01062244       -0.00799638       -0.00253904 
       -0.00308597       -0.00840297       -0.01070571       -0.00810826       -0.00257842 
       -0.00308266       -0.00841093       -0.01078549       -0.00821590       -0.00261632 
       -0.00307901       -0.00841755       -0.01086169       -0.00831968       -0.00265300 
       -0.00307491       -0.00842273       -0.01093414       -0.00841942       -0.00268829 
       -0.00307058       -0.00842676       -0.01100358       -0.00851539       -0.00272235 
       -0.00306605       -0.00842971       -0.01106936       -0.00860754       -0.00275500 
       -0.00306106       -0.00843114       -0.01113176       -0.00869584       -0.00278635 
       -0.00305593       -0.00843143       -0.01119095       -0.00878060       -0.00281653 
       -0.00305042       -0.00843054       -0.01124680       -0.00886187       -0.00284556 
       -0.00304478       -0.00842857       -0.01129961       -0.00893947       -0.00287329 
       -0.00303887       -0.00842556       -0.01134923       -0.00901362       -0.00289978 
       -0.00303252       -0.00842118       -0.01139593       -0.00908452       -0.00292520 
       -0.00302608       -0.00841600       -0.01143965       -0.00915214       -0.00294948 
       -0.00301932       -0.00840950       -0.01148048       -0.00921661       -0.00297287 
       -0.00301230       -0.00840208       -0.01151854       -0.00927755       -0.00299489 
       -0.00300518       -0.00839373       -0.01155367       -0.00933576       -0.00301597 
       -0.00299764       -0.00838414       -0.01158628       -0.00939083       -0.00303605 
       -0.00298996       -0.00837374       -0.01161611       -0.00944296       -0.00305507 
       -0.00298205       -0.00836217       -0.01164311       -0.00949210       -0.00307301 
       -0.00297387       -0.00834981       -0.01166791       -0.00953835       -0.00309001 
       -0.00296551       -0.00833651       -0.01168996       -0.00958198       -0.00310615 
       -0.00295690       -0.00832224       -0.01170972       -0.00962293       -0.00312141 
       -0.00294809       -0.00830713       -0.01172698       -0.00966114       -0.00313571 
       -0.00293909       -0.00829107       -0.01174191       -0.00969681       -0.00314906 
       -0.00292981       -0.00827414       -0.01175454       -0.00972986       -0.00316161 
       -0.00292048       -0.00825649       -0.01176503       -0.00976032       -0.00317316 
       -0.00291084       -0.00823796       -0.01177317       -0.00978830       -0.00318392 
       -0.00290108       -0.00821877       -0.01177928       -0.00981420       -0.00319400 
       -0.00289105       -0.00819847       -0.01178324       -0.00983775       -0.00320323 
       -0.00288083       -0.00817764       -0.01178512       -0.00985885       -0.00321163 
       -0.00287051       -0.00815606       -0.01178509       -0.00987768       -0.00321920 
       -0.00285992       -0.00813350       -0.01178309       -0.00989437       -0.00322610 
       -0.00284936       -0.00811076       -0.01177925       -0.00990897       -0.00323233 
       -0.00283837       -0.00808686       -0.01177347       -0.00992143       -0.00323780 
       -0.00282736       -0.00806248       -0.01176581       -0.00993201       -0.00324252 
       -0.00281623       -0.00803736       -0.01175642       -0.00994062       -0.00324667 
       -0.00280489       -0.00801170       -0.01174539       -0.00994718       -0.00325014 
       -0.00279333       -0.00798526       -0.01173252       -0.00995174       -0.00325282 
       -0.00278178       -0.00795835       -0.01171803       -0.00995481       -0.00325507 
       -0.00276990       -0.00793064       -0.01170206       -0.00995594       -0.00325659 
       -0.00275809       -0.00790268       -0.01168451       -0.00995532       -0.00325754 
       -0.00274602       -0.00787389       -0.01166528       -0.00995287       -0.00325784 
       -0.00273382       -0.00784466       -0.01164472       -0.00994864       -0.00325754 
       -0.00272161       -0.00781503       -0.01162267       -0.00994307       -0.00325675 
       -0.00270918       -0.00778477       -0.01159923       -0.00993586       -0.00325549 
       -0.00269656       -0.00775382       -0.01157436       -0.00992709       -0.00325364 
       -0.00268403       -0.00772278       -0.01154816       -0.00991663       -0.00325114 
       -0.00267126       -0.00769092       -0.01152056       -0.00990495       -0.00324829 
       -0.00265832       -0.00765869       -0.01149197       -0.00989175       -0.00324488 
       -0.00264545       -0.00762622       -0.01146202       -0.00987712       -0.00324097 
       -0.00263237       -0.00759313       -0.01143080       -0.00986129       -0.00323667 
       -0.00261920       -0.00755975       -0.01139846       -0.00984392       -0.00323184 
       -0.00260591       -0.00752574       -0.01136488       -0.00982547       -0.00322668 
       -0.00259259       -0.00749156       -0.01133043       -0.00980572       -0.00322101 
       -0.00257913       -0.00745694       -0.01129483       -0.00978467       -0.00321487 
       -0.00256562       -0.00742196       -0.01125817       -0.00976248       -0.00320843 
       -0.00255202       -0.00738661       -0.01122044       -0.00973925       -0.00320157 
       -0.00253834       -0.00735094       -0.01118185       -0.00971475       -0.00319422 
       -0.00252463       -0.00731502       -0.01114243       -0.00968930       -0.00318659 
       -0.00251088       -0.00727877       -0.01110189       -0.00966276       -0.00317858 
       -0.00249705       -0.00724220       -0.01106046       -0.00963524       -0.00317029 
       -0.00248310       -0.00720534       -0.01101825       -0.00960663       -0.00316150 
       -0.00246930       -0.00716841       -0.01097524       -0.00957718       -0.00315250 
       -0.00245514       -0.00713089       -0.01093137       -0.00954673       -0.00314316 
       -0.00244110       -0.00709328       -0.01088680       -0.00951543       -0.00313351 
       -0.00242701       -0.00705552       -0.01084144       -0.00948325       -0.00312353 
       -0.00241287       -0.00701739       -0.01079527       -0.00945017       -0.00311324 
       -0.00239863       -0.00697908       -0.01074851       -0.00941625       -0.00310269 
       -0.00238437       -0.00694048       -0.01070105       -0.00938162       -0.00309187 
       -0.00237006       -0.00690186       -0.01065299       -0.00934616       -0.00308074 
       -0.00235586       -0.00686307       -0.01060429       -0.00931007       -0.00306942 
       -0.00234146       -0.00682397       -0.01055500       -0.00927311       -0.00305779 
       -0.00232708       -0.00678477       -0.01050515       -0.00923561       -0.00304596 
       -0.00231273       -0.00674549       -0.01045473       -0.00919731       -0.00303383 
       -0.00229829       -0.00670591       -0.01040371       -0.00915843       -0.00302152 
       -0.00228387       -0.00666629       -0.01035219       -0.00911897       -0.00300900 
       -0.00226943       -0.00662655       -0.01030025       -0.00907882       -0.00299623 
       -0.00225499       -0.00658670       -0.01024787       -0.00903809       -0.00298329 
       -0.00224050       -0.00654672       -0.01019493       -0.00899684       -0.00297015 
       -0.00222597       -0.00650661       -0.01014163       -0.00895503       -0.00295680 
       -0.00221145       -0.00646640       -0.01008797       -0.00891282       -0.00294335 
       -0.00219698       -0.00642614       -0.01003379       -0.00887007       -0.00292963 
       -0.00218252       -0.00638585       -0.00997932       -0.00882679       -0.00291581 
       -0.00216801       -0.00634548       -0.00992450       -0.00878304       -0.00290175 
       -0.00215351       -0.00630508       -0.00986929       -0.00873899       -0.00288758 
       -0.00213896       -0.00626452       -0.00981383       -0.00869441       -0.00287327 
       -0.00212453       -0.00622398       -0.00975803       -0.00864935       -0.00285881 
       -0.00211002       -0.00618343       -0.00970197       -0.00860408       -0.00284422 
       -0.00209557       -0.00614287       -0.00964570       -0.00855833       -0.00282948 
       -0.00208110       -0.00610225       -0.00958915       -0.00851239       -0.00281466 
       -0.00206666       -0.00606161       -0.00953233       -0.00846592       -0.00279967 
       -0.00205223       -0.00602095       -0.00947523       -0.00841929       -0.00278457 
       -0.00203783       -0.00598034       -0.00941806       -0.00837240       -0.00276943 
       -0.00202341       -0.00593969       -0.00936058       -0.00832507       -0.00275412 
       -0.00200905       -0.00589912       -0.00930302       -0.00827762       -0.00273877 
       -0.00199466       -0.00585846       -0.00924525       -0.00822985       -0.00272328 
       -0.00198034       -0.00581788       -0.00918736       -0.00818187       -0.00270770 
       -0.00196605       -0.00577733       -0.00912935       -0.00813362       -0.00269206 
       -0.00195180       -0.00573687       -0.00907117       -0.00808516       -0.00267633 
       -0.00193754       -0.00569639       -0.00901298       -0.00803661       -0.00266059 
       -0.00192333       -0.00565597       -0.00895464       -0.00798784       -0.00264470 
       -0.00190916       -0.00561565       -0.00889623       -0.00793887       -0.00262876 
       -0.00189505       -0.00557537       -0.00883777       -0.00788971       -0.00261278 
       -0.00188088       -0.00553510       -0.00877924       -0.00784045       -0.00259674 
       -0.00186685       -0.00549496       -0.00872064       -0.00779106       -0.00258066 
       -0.00185286       -0.00545493       -0.00866202       -0.00774159       -0.00256453 
       -0.00183880       -0.00541488       -0.00860339       -0.00769196       -0.00254834 
       -0.00182484       -0.00537495       -0.00854478       -0.00764230       -0.00253215 
       -0.00181092       -0.00533508       -0.00848605       -0.00759253       -0.00251593 
       -0.00179705       -0.00529537       -0.00842746       -0.00754277       -0.00249966 
       -0.00178322       -0.00525574       -0.00836883       -0.00749284       -0.00248336 
       -0.00176947       -0.00521619       -0.00831024       -0.00744288       -0.00246705 
       -0.00175572       -0.00517674       -0.00825167       -0.00739285       -0.00245071 
       -0.00174201       -0.00513741       -0.00819318       -0.00734290       -0.00243434 
       -0.00172840       -0.00509821       -0.00813475       -0.00729287       -0.00241799 
       -0.00171482       -0.00505912       -0.00807636       -0.00724284       -0.00240164 
       -0.00170127       -0.00502010       -0.00801799       -0.00719284       -0.00238525 
       -0.00168777       -0.00498121       -0.00795980       -0.00714272       -0.00236885 
       -0.00167437       -0.00494258       -0.00790171       -0.00709272       -0.00235246 
       -0.00166096       -0.00490393       -0.00784363       -0.00704273       -0.00233610 
       -0.00164765       -0.00486547       -0.00778571       -0.00699277       -0.00231969 
       -0.00163437       -0.00482716       -0.00772791       -0.00694287       -0.00230335 
       -0.00162117       -0.00478894       -0.00767019       -0.00689294       -0.00228697 
       -0.00160803       -0.00475092       -0.00761258       -0.00684322       -0.00227068 
       -0.00159492       -0.00471302       -0.00755515       -0.00679343       -0.00225433 
       -0.00158189       -0.00467528       -0.00749788       -0.00674377       -0.00223803 
       -0.00156890       -0.00463769       -0.00744072       -0.00669416       -0.00222174 
       -0.00155600       -0.00460024       -0.00738370       -0.00664467       -0.00220549 
       -0.00154313       -0.00456295       -0.00732689       -0.00659528       -0.00218925 
       -0.00153031       -0.00452581       -0.00727024       -0.00654596       -0.00217307 
       -0.00151758       -0.00448883       -0.00721373       -0.00649671       -0.00215688 
       -0.00150489       -0.00445203       -0.00715739       -0.00644765       -0.00214073 
       -0.00149228       -0.00441538       -0.00710124       -0.00639863       -0.00212462 
       -0.00147976       -0.00437897       -0.00704531       -0.00634977       -0.00210853 
       -0.00146727       -0.00434264       -0.00698957       -0.00630107       -0.00209251 
       -0.00145485       -0.00430652       -0.00693403       -0.00625249       -0.00207654 
       -0.00144248       -0.00427057       -0.00687870       -0.00620399       -0.00206056 
       -0.00143019       -0.00423477       -0.00682355       -0.00615574       -0.00204468 
       -0.00141796       -0.00419916       -0.00676861       -0.00610757       -0.00202881 
       -0.00140581       -0.00416373       -0.00671387       -0.00605953       -0.00201298 
       -0.00139373       -0.00412852       -0.00665939       -0.00601172       -0.00199723 
       -0.00138169       -0.00409342       -0.00660511       -0.00596403       -0.00198154 
       -0.00136974       -0.00405858       -0.00655107       -0.00591651       -0.00196587 
       -0.00135783       -0.00402385       -0.00649729       -0.00586917       -0.00195026 
       -0.00134600       -0.00398933       -0.00644366       -0.00582202       -0.00193472 
       -0.00133429       -0.00395505       -0.00639031       -0.00577497       -0.00191920 
       -0.00132261       -0.00392092       -0.00633726       -0.00572818       -0.00190378 
       -0.00131098       -0.00388694       -0.00628437       -0.00568158       -0.00188841 
       -0.00129945       -0.00385317       -0.00623176       -0.00563519       -0.00187310 
       -0.00128797       -0.00381963       -0.00617940       -0.00558893       -0.00185784 
       -0.00127657       -0.00378627       -0.00612730       -0.00554288       -0.00184265 
       -0.00126523       -0.00375307       -0.00607546       -0.00549705       -0.00182750 
       -0.00125394       -0.00372007       -0.00602386       -0.00545144       -0.00181246 
       -0.00124276       -0.00368732       -0.00597259       -0.00540599       -0.00179744 
       -0.00123163       -0.00365471       -0.00592154       -0.00536079       -0.00178252 
       -0.00122057       -0.00362233       -0.00587071       -0.00531576       -0.00176763 
       -0.00120958       -0.00359011       -0.00582021       -0.00527097       -0.00175287 
       -0.00119867       -0.00355813       -0.00576998       -0.00522641       -0.00173812 
       -0.00118782       -0.00352631       -0.00571999       -0.00518209       -0.00172348 
       -0.00117704       -0.00349468       -0.00567026       -0.00513794       -0.00170888 
       -0.00116632       -0.00346325       -0.00562085       -0.00509401       -0.00169438 
       -0.00115569       -0.00343205       -0.00557170       -0.00505036       -0.00167994 
       -0.00114515       -0.00340108       -0.00552284       -0.00500691       -0.00166557 
       -0.00113466       -0.00337029       -0.00547427       -0.00496370       -0.00165129 
       -0.00112424       -0.00333966       -0.00542593       -0.00492070       -0.00163707 
       -0.00111388       -0.00330925       -0.00537794       -0.00487795       -0.00162292 
       -0.00110362       -0.00327906       -0.00533020       -0.00483543       -0.00160886 
       -0.00109340       -0.00324903       -0.00528277       -0.00479317       -0.00159488 
       -0.00108329       -0.00321925       -0.00523559       -0.00475110       -0.00158095 
       -0.00107319       -0.00318961       -0.00518872       -0.00470933       -0.00156714 
       -0.00106319       -0.00316019       -0.00514214       -0.00466772       -0.00155336 
       -0.00105328       -0.00313101       -0.00509582       -0.00462644       -0.00153970 
       -0.00104344       -0.00310203       -0.00504985       -0.00458538       -0.00152611 
       -0.00103365       -0.00307321       -0.00500413       -0.00454454       -0.00151259 
       -0.00102394       -0.00304463       -0.00495872       -0.00450397       -0.00149916 
       -0.00101430       -0.00301620       -0.00491359       -0.00446364       -0.00148579 
       -0.00100471       -0.00298801       -0.00486878       -0.00442357       -0.00147252 
       -0.00099523       -0.00296003       -0.00482423       -0.00438372       -0.00145932 
       -0.00098579       -0.00293222       -0.00477999       -0.00434414       -0.00144621 
       -0.00097643       -0.00290463       -0.00473604       -0.00430477       -0.00143317 
       -0.00096714       -0.00287724       -0.00469242       -0.00426569       -0.00142021 
       -0.00095792       -0.00285005       -0.00464905       -0.00422686       -0.00140735 
       -0.00094878       -0.00282306       -0.00460600       -0.00418828       -0.00139456 
       -0.00093968       -0.00279625       -0.00456325       -0.00414994       -0.00138186 
       -0.00093067       -0.00276965       -0.00452077       -0.00411187       -0.00136925 
       -0.00092172       -0.00274325       -0.00447860       -0.00407403       -0.00135669 
       -0.00091285       -0.00271706       -0.00443673       -0.00403647       -0.00134425 
       -0.00090404       -0.00269105       -0.00439516       -0.00399915       -0.00133188 
       -0.00089529       -0.00266523       -0.00435386       -0.00396208       -0.00131958 
       -0.00088663       -0.00263962       -0.00431287       -0.00392526       -0.00130737 
       -0.00087802       -0.00261420       -0.00427217       -0.00388870       -0.00129524 
       -0.00086948       -0.00258898       -0.00423177       -0.00385239       -0.00128319 
       -0.00086101       -0.00256395       -0.00419166       -0.00381634       -0.00127124 
       -0.00085261       -0.00253912       -0.00415184       -0.00378057       -0.00125938 
       -0.00084426       -0.00251446       -0.00411233       -0.00374502       -0.00124759 
       -0.00083600       -0.00249002       -0.00407309       -0.00370973       -0.00123588 
       -0.00082780       -0.00246577       -0.00403416       -0.00367468       -0.00122425 
       -0.00081965       -0.00244169       -0.00399551       -0.00363990       -0.00121270 
       -0.00081159       -0.00241783       -0.00395716       -0.00360538       -0.00120125 
       -0.00080358       -0.00239414       -0.00391910       -0.00357110       -0.00118987 
       -0.00079564       -0.00237065       -0.00388132       -0.00353706       -0.00117857 
       -0.00078777       -0.00234734       -0.00384382       -0.00350328       -0.00116736 
       -0.00077995       -0.00232422       -0.00380664       -0.00346978       -0.00115624 
       -0.00077221       -0.00230130       -0.00376971       -0.00343651       -0.00114520 
       -0.00076452       -0.00227854       -0.00373309       -0.00340348       -0.00113422 
       -0.00075690       -0.00225599       -0.00369675       -0.00337070       -0.00112335 
       -0.00074934       -0.00223360       -0.00366068       -0.00333819       -0.00111254 
       -0.00074185       -0.00221141       -0.00362493       -0.00330589       -0.00110183 
       -0.00073442       -0.00218941       -0.00358943       -0.00327387       -0.00109118 
       -0.00072705       -0.00216757       -0.00355422       -0.00324209       -0.00108063 
       -0.00071975       -0.00214594       -0.00351929       -0.00321056       -0.00107016 
       -0.00071251       -0.00212447       -0.00348464       -0.00317926       -0.00105976 
       -0.00070532       -0.00210319       -0.00345028       -0.00314821       -0.00104944 
       -0.00069821       -0.00208209       -0.00341618       -0.00311740       -0.00103921 
       -0.00069113       -0.00206115       -0.00338236       -0.00308684       -0.00102905 
       -0.00068414       -0.00204040       -0.00334882       -0.00305652       -0.00101898 
       -0.00067720       -0.00201984       -0.00331556       -0.00302646       -0.00100899 
       -0.00067032       -0.00199942       -0.00328257       -0.00299662       -0.00099907 
       -0.00066351       -0.00197922       -0.00324986       -0.00296704       -0.00098923 
       -0.00065675       -0.00195917       -0.00321740       -0.00293766       -0.00097947 
       -0.00065004       -0.00193928       -0.00318521       -0.00290857       -0.00096980 
       -0.00064340       -0.00191958       -0.00315331       -0.00287967       -0.00096019 
       -0.00063683       -0.00190006       -0.00312167       -0.00285104       -0.00095067 
       -0.00063029       -0.00188067       -0.00309029       -0.00282264       -0.00094123 
       -0.00062383       -0.00186149       -0.00305918       -0.00279446       -0.00093187 
       -0.00061742       -0.00184246       -0.00302832       -0.00276654       -0.00092258 
       -0.00061106       -0.00182359       -0.00299774       -0.00273882       -0.00091336 
       -0.00060477       -0.00180492       -0.00296742       -0.00271134       -0.00090422 
       -0.00059853       -0.00178637       -0.00293734       -0.00268411       -0.00089518 
       -0.00059235       -0.00176800       -0.00290753       -0.00265709       -0.00088619 
       -0.00058622       -0.00174981       -0.00287799       -0.00263031       -0.00087728 
