        0.00000000        0.00000000        0.00000000        0.00000000        0.00000000        0.00000000 
        0.00000000        0.00000000        0.00000000        0.00000000        0.00000000        0.00000000 
        0.00000000        0.00000000        0.00000000        0.00000000        0.00000000        0.00000000 
        0.00000000        0.00000000        0.00000000        0.00000000        0.00000000        0.00000000 
        0.00000000        0.00000000        0.00000000        0.00000000        0.00000000        0.00000000 
        0.00000000        0.00000000        0.00000000        0.00000000        0.00000000        0.00000000 
       -0.00000000        0.00000000        0.00000000        0.00000000        0.00000000        0.00000000 
        0.00000000        0.00000000        0.00000000        0.00000000        0.00000000        0.00000000 
        0.00000000        0.00000000        0.00000000        0.00000000        0.00000000        0.00000000 
        0.00000000        0.00000000        0.00000000        0.00000000        0.00000000        0.00000000 
        0.00000000        0.00000000        0.00000000        0.00000000        0.00000000        0.00000000 
        0.00000000        0.00000000        0.00000000        0.00000000        0.00000000        0.00000000 
        0.00000000        0.00000000        0.00000000        0.00000000        0.00000000        0.00000000 
        0.00000000        0.00000000        0.00000000        0.00000000        0.00000000        0.00000000 
        0.00000000        0.00000000        0.00000000        0.00000000        0.00000000        0.00000000 
        0.00000000        0.00000000        0.00000000        0.00000000        0.00000000        0.00000000 
        0.00000000        0.00000000        0.00000000        0.00000000        0.00000000        0.00000000 
        0.00000000        0.00000000        0.00000000        0.00000000        0.00000000        0.00000000 
        0.00000000        0.00000000        0.00000000        0.00000000        0.00000000        0.00000000 
        0.00000000        0.00000000        0.00000000        0.00000000        0.00000000        0.00000000 
        0.00000000        0.00000000        0.00000000        0.00000000        0.00000000        0.00000000 
        0.00000000        0.00000000        0.00000000        0.00000000        0.00000000        0.00000000 
        0.00000000        0.00000000        0.00000000        0.00000000        0.00000000        0.00000000 
        0.00000000        0.00000000        0.00000000        0.00000000        0.00000000        0.00000000 
        0.00000000        0.00000000        0.00000000        0.00000000        0.00000000        0.00000000 
        0.00000000        0.00000000        0.00000000        0.00000000        0.00000000        0.00000000 
        0.00000000        0.00000000        0.00000000        0.00000000        0.00000000        0.00000000 
        0.00000000        0.00000000        0.00000000        0.00000000        0.00000000        0.00000000 
        0.00000000        0.00000000        0.00000000        0.00000000        0.00000000        0.00000000 
        0.00000000        0.00000000        0.00000000        0.00000000        0.00000000        0.00000000 
        0.00000000        0.00000000        0.00000000        0.00000000        0.00000000        0.00000000 
        0.00000000        0.00000000        0.00000000        0.00000000        0.00000000        0.00000000 
        0.00000000        0.00000000        0.00000000        0.00000000        0.00000000        0.00000000 
        0.00000000        0.00000000        0.00000000        0.00000000        0.00000000        0.00000000 
        0.00000000        0.00000000        0.00000000        0.00000000        0.00000000        0.00000000 
        0.00000000        0.00000000        0.00000000        0.00000000        0.00000000        0.00000000 
        0.00000000        0.00000000        0.00000000        0.00000000        0.00000000        0.00000000 
        0.00000000        0.00000000        0.00000000        0.00000000        0.00000000        0.00000000 
        0.00000000        0.00000000        0.00000000        0.00000000        0.00000000        0.00000000 
        0.00000000        0.00000000        0.00000000        0.00000000        0.00000000        0.00000000 
        0.00000000        0.00000000        0.00000000        0.00000000        0.00000000        0.00000000 
        0.00000000        0.00000000        0.00000000        0.00000000        0.00000000        0.00000000 
        0.00000000        0.00000000        0.00000000        0.00000000        0.00000000        0.00000000 
        0.00000000        0.00000000        0.00000000        0.00000000        0.00000000        0.00000000 
        0.00000000        0.00000000        0.00000000        0.00000000        0.00000000        0.00000000 
        0.00000000        0.00000000        0.00000000        0.00000000        0.00000000        0.00000000 
        0.00000000        0.00000000        0.00000000        0.00000000        0.00000000        0.00000000 
        0.00000000        0.00000000        0.00000000        0.00000000        0.00000000        0.00000000 
        0.00000000        0.00000000        0.00000000        0.00000000        0.00000000        0.00000000 
        0.00000000        0.00000000        0.00000000        0.00000000        0.00000000        0.00000000 
        0.00000000        0.00000000        0.00000000        0.00000000        0.00000000        0.00000000 
        0.00000000        0.00000000        0.00000000        0.00000000        0.00000000        0.00000000 
        0.00000000        0.00000000        0.00000000        0.00000000        0.00000000        0.00000000 
        0.00000000        0.00000000        0.00000000        0.00000000        0.00000000        0.00000000 
        0.00000000        0.00000000        0.00000000        0.00000000        0.00000000        0.00000000 
        0.00000000        0.00000000        0.00000000        0.00000000        0.00000000        0.00000000 
        0.00000000        0.00000000        0.00000000        0.00000000        0.00000000        0.00000000 
        0.00000000        0.00000000        0.00000000        0.00000000        0.00000000        0.00000000 
        0.00000000        0.00000000        0.00000000        0.00000000        0.00000000        0.00000000 
        0.00000000        0.00000000        0.00000000        0.00000000        0.00000000        0.00000000 
        0.00000000        0.00000000        0.00000001        0.00000001        0.00000000        0.00000000 
        0.00000000        0.00000000        0.00000001        0.00000001        0.00000000        0.00000000 
        0.00000000        0.00000000        0.00000001        0.00000001        0.00000000        0.00000000 
        0.00000000        0.00000000        0.00000001        0.00000001        0.00000000        0.00000000 
        0.00000000        0.00000000        0.00000001        0.00000002        0.00000000        0.00000000 
        0.00000000        0.00000000        0.00000002        0.00000002        0.00000001        0.00000000 
        0.00000000        0.00000000        0.00000002        0.00000002        0.00000001        0.00000000 
        0.00000000        0.00000001        0.00000003        0.00000003        0.00000001        0.00000000 
        0.00000000        0.00000001        0.00000003        0.00000004        0.00000001        0.00000000 
        0.00000000        0.00000001        0.00000004        0.00000004        0.00000001        0.00000000 
        0.00000000        0.00000001        0.00000005        0.00000005        0.00000002        0.00000000 
        0.00000000        0.00000001        0.00000006        0.00000007        0.00000002        0.00000001 
        0.00000000        0.00000002        0.00000007        0.00000008        0.00000003        0.00000001 
        0.00000001        0.00000002        0.00000009        0.00000010        0.00000003        0.00000001 
        0.00000001        0.00000003        0.00000011        0.00000012        0.00000004        0.00000001 
        0.00000001        0.00000003        0.00000014        0.00000015        0.00000005        0.00000001 
        0.00000001        0.00000004        0.00000017        0.00000018        0.00000006        0.00000002 
        0.00000001        0.00000005        0.00000020        0.00000023        0.00000008        0.00000002 
        0.00000001        0.00000006        0.00000025        0.00000027        0.00000010        0.00000002 
        0.00000002        0.00000007        0.00000030        0.00000033        0.00000012        0.00000003 
        0.00000002        0.00000009        0.00000036        0.00000041        0.00000014        0.00000004 
        0.00000003        0.00000011        0.00000044        0.00000049        0.00000017        0.00000004 
        0.00000003        0.00000013        0.00000054        0.00000060        0.00000021        0.00000005 
        0.00000004        0.00000016        0.00000065        0.00000072        0.00000026        0.00000007 
        0.00000005        0.00000019        0.00000078        0.00000087        0.00000031        0.00000008 
        0.00000006        0.00000023        0.00000094        0.00000105        0.00000038        0.00000010 
        0.00000007        0.00000029        0.00000114        0.00000127        0.00000046        0.00000012 
        0.00000009        0.00000035        0.00000137        0.00000153        0.00000055        0.00000014 
        0.00000011        0.00000042        0.00000165        0.00000184        0.00000067        0.00000017 
        0.00000013        0.00000051        0.00000197        0.00000220        0.00000080        0.00000021 
        0.00000016        0.00000061        0.00000236        0.00000264        0.00000096        0.00000025 
        0.00000019        0.00000074        0.00000283        0.00000315        0.00000116        0.00000030 
        0.00000023        0.00000089        0.00000338        0.00000376        0.00000139        0.00000036 
        0.00000027        0.00000107        0.00000403        0.00000449        0.00000166        0.00000043 
        0.00000033        0.00000128        0.00000480        0.00000534        0.00000199        0.00000052 
        0.00000039        0.00000153        0.00000570        0.00000635        0.00000238        0.00000062 
        0.00000047        0.00000183        0.00000677        0.00000754        0.00000284        0.00000075 
        0.00000056        0.00000219        0.00000803        0.00000894        0.00000338        0.00000089 
        0.00000067        0.00000261        0.00000951        0.00001057        0.00000401        0.00000106 
        0.00000080        0.00000311        0.00001124        0.00001250        0.00000477        0.00000126 
        0.00000096        0.00000370        0.00001326        0.00001475        0.00000565        0.00000150 
        0.00000114        0.00000439        0.00001563        0.00001737        0.00000669        0.00000178 
        0.00000135        0.00000521        0.00001840        0.00002044        0.00000790        0.00000211 
        0.00000160        0.00000617        0.00002163        0.00002401        0.00000933        0.00000250 
        0.00000190        0.00000730        0.00002538        0.00002817        0.00001099        0.00000295 
        0.00000225        0.00000862        0.00002974        0.00003300        0.00001294        0.00000349 
        0.00000265        0.00001016        0.00003480        0.00003860        0.00001520        0.00000411 
        0.00000313        0.00001196        0.00004067        0.00004508        0.00001783        0.00000483 
        0.00000369        0.00001406        0.00004745        0.00005257        0.00002089        0.00000567 
        0.00000433        0.00001650        0.00005528        0.00006122        0.00002444        0.00000665 
        0.00000509        0.00001934        0.00006431        0.00007119        0.00002855        0.00000779 
        0.00000597        0.00002264        0.00007470        0.00008265        0.00003330        0.00000910 
        0.00000699        0.00002646        0.00008665        0.00009583        0.00003878        0.00001063 
        0.00000817        0.00003088        0.00010037        0.00011094        0.00004510        0.00001239 
        0.00000953        0.00003598        0.00011609        0.00012825        0.00005237        0.00001442 
        0.00001111        0.00004187        0.00013408        0.00014805        0.00006073        0.00001676 
        0.00001293        0.00004865        0.00015463        0.00017065        0.00007031        0.00001945 
        0.00001503        0.00005644        0.00017807        0.00019641        0.00008129        0.00002254 
        0.00001745        0.00006539        0.00020477        0.00022574        0.00009384        0.00002609 
        0.00002022        0.00007564        0.00023513        0.00025906        0.00010817        0.00003014 
        0.00002340        0.00008738        0.00026960        0.00029688        0.00012451        0.00003478 
        0.00002704        0.00010078        0.00030869        0.00033972        0.00014311        0.00004007 
        0.00003120        0.00011608        0.00035293        0.00038817        0.00016425        0.00004609 
        0.00003594        0.00013351        0.00040293        0.00044290        0.00018823        0.00005294 
        0.00004135        0.00015333        0.00045935        0.00050460        0.00021540        0.00006072 
        0.00004751        0.00017584        0.00052292        0.00057408        0.00024613        0.00006955 
        0.00005450        0.00020135        0.00059443        0.00065217        0.00028083        0.00007953 
        0.00006244        0.00023024        0.00067475        0.00073981        0.00031996        0.00009082 
        0.00007142        0.00026289        0.00076483        0.00083802        0.00036401        0.00010356 
        0.00008158        0.00029974        0.00086568        0.00094789        0.00041351        0.00011791 
        0.00009305        0.00034125        0.00097844        0.00107063        0.00046907        0.00013405 
        0.00010599        0.00038795        0.00110429        0.00120751        0.00053132        0.00015218 
        0.00012054        0.00044041        0.00124456        0.00135993        0.00060096        0.00017250 
        0.00013690        0.00049924        0.00140063        0.00152938        0.00067874        0.00019526 
        0.00015525        0.00056511        0.00157403        0.00171748        0.00076547        0.00022069 
        0.00017581        0.00063875        0.00176637        0.00192593        0.00086202        0.00024908 
        0.00019881        0.00072094        0.00197940        0.00215659        0.00096936        0.00028070 
        0.00022449        0.00081254        0.00221495        0.00241141        0.00108847        0.00031588 
        0.00025313        0.00091445        0.00247501        0.00269247        0.00122046        0.00035494 
        0.00028501        0.00102767        0.00276167        0.00300199        0.00136647        0.00039826 
        0.00032045        0.00115325        0.00307716        0.00334230        0.00152774        0.00044621 
        0.00035978        0.00129231        0.00342383        0.00371587        0.00170558        0.00049921 
        0.00040336        0.00144606        0.00380416        0.00412530        0.00190136        0.00055769 
        0.00045158        0.00161577        0.00422074        0.00457330        0.00211657        0.00062212 
        0.00050483        0.00180282        0.00467633        0.00506274        0.00235275        0.00069299 
        0.00056356        0.00200864        0.00517376        0.00559657        0.00261151        0.00077080 
        0.00062823        0.00223475        0.00571603        0.00617790        0.00289457        0.00085611 
        0.00069932        0.00248276        0.00630622        0.00680992        0.00320369        0.00094949 
        0.00077735        0.00275434        0.00694756        0.00749595        0.00354074        0.00105153 
        0.00086285        0.00305127        0.00764336        0.00823939        0.00390764        0.00116285 
        0.00095640        0.00337538        0.00839700        0.00904374        0.00430638        0.00128410 
        0.00105858        0.00372859        0.00921200        0.00991258        0.00473902        0.00141595 
        0.00117003        0.00411290        0.01009194        0.01084953        0.00520767        0.00155908 
        0.00129137        0.00453034        0.01104042        0.01185830        0.00571448        0.00171421 
        0.00142328        0.00498306        0.01206115        0.01294260        0.00626168        0.00188207 
        0.00156644        0.00547322        0.01315782        0.01410615        0.00685149        0.00206339 
        0.00172157        0.00600304        0.01433416        0.01535270        0.00748618        0.00225894 
        0.00188938        0.00657482        0.01559389        0.01668594        0.00816805        0.00246947 
        0.00207063        0.00719084        0.01694070        0.01810953        0.00889935        0.00269575 
        0.00226606        0.00785342        0.01837821        0.01962704        0.00968238        0.00293856 
        0.00247645        0.00856491        0.01991001        0.02124199        0.01051937        0.00319866 
        0.00270255        0.00932763        0.02153952        0.02295770        0.01141254        0.00347681 
        0.00294517        0.01014393        0.02327009        0.02477739        0.01236404        0.00377376 
        0.00320503        0.01101608        0.02510492        0.02670405        0.01337595        0.00409024 
        0.00348293        0.01194632        0.02704696        0.02874054        0.01445028        0.00442696 
        0.00377963        0.01293686        0.02909902        0.03088938        0.01558891        0.00478459 
        0.00409586        0.01398981        0.03126355        0.03315284        0.01679360        0.00516376 
        0.00443231        0.01510714        0.03354288        0.03553293        0.01806600        0.00556510 
        0.00478969        0.01629081        0.03593890        0.03803125        0.01940752        0.00598914 
        0.00516864        0.01754252        0.03845318        0.04064906        0.02081950        0.00643639 
        0.00556981        0.01886393        0.04108696        0.04338722        0.02230294        0.00690727 
        0.00599372        0.02025643        0.04384104        0.04624615        0.02385872        0.00740216 
        0.00644093        0.02172131        0.04671580        0.04922578        0.02548745        0.00792134 
        0.00691186        0.02325951        0.04971108        0.05232565        0.02718948        0.00846504 
        0.00740690        0.02487186        0.05282636        0.05554461        0.02896485        0.00903335 
        0.00792638        0.02655885        0.05606046        0.05888110        0.03081334        0.00962634 
        0.00847051        0.02832071        0.05941177        0.06233299        0.03273440        0.01024391 
        0.00903944        0.03015745        0.06287804        0.06589747        0.03472715        0.01088588 
        0.00963321        0.03206863        0.06645649        0.06957126        0.03679037        0.01155197 
        0.01025178        0.03405354        0.07014363        0.07335038        0.03892247        0.01224177 
        0.01089499        0.03611113        0.07393545        0.07723027        0.04112153        0.01295475 
        0.01156253        0.03823999        0.07782742        0.08120572        0.04338522        0.01369025 
        0.01225409        0.04043830        0.08181408        0.08527093        0.04571082        0.01444753 
        0.01296908        0.04270385        0.08588959        0.08941939        0.04809526        0.01522563 
        0.01370686        0.04503404        0.09004737        0.09364407        0.05053510        0.01602357 
        0.01446673        0.04742593        0.09428030        0.09793733        0.05302641        0.01684013 
        0.01524773        0.04987606        0.09858052        0.10229086        0.05556503        0.01767404 
        0.01604888        0.05238062        0.10293971        0.10669589        0.05814630        0.01852387 
        0.01686893        0.05493547        0.10734900        0.11114287        0.06076521        0.01938806 
        0.01770657        0.05753572        0.11179861        0.11562218        0.06341650        0.02026492 
        0.01856043        0.06017663        0.11627889        0.12012330        0.06609437        0.02115264 
        0.01942886        0.06285264        0.12077898        0.12463552        0.06879301        0.02204932 
        0.02031011        0.06555790        0.12528817        0.12914747        0.07150593        0.02295297 
        0.02120247        0.06828651        0.12979507        0.13364786        0.07422672        0.02386144 
        0.02210389        0.07103169        0.13428783        0.13812453        0.07694849        0.02477251 
        0.02301232        0.07378684        0.13875455        0.14256579        0.07966426        0.02568386 
        0.02392557        0.07654479        0.14318299        0.14695901        0.08236670        0.02659313 
        0.02484121        0.07929802        0.14756063        0.15129206        0.08504850        0.02749788 
        0.02575687        0.08203909        0.15187484        0.15555225        0.08770214        0.02839561 
        0.02667031        0.08476035        0.15611309        0.15972748        0.09032010        0.02928385 
        0.02757868        0.08745356        0.16026258        0.16380490        0.09289463        0.03015994 
        0.02847954        0.09011096        0.16431093        0.16777265        0.09541829        0.03102142 
        0.02937007        0.09272401        0.16824527        0.17161831        0.09788328        0.03186564 
        0.03024764        0.09528482        0.17205390        0.17533037        0.10028222        0.03269009 
        0.03110957        0.09778512        0.17572431        0.17889726        0.10260755        0.03349216 
        0.03195296        0.10021675        0.17924491        0.18230793        0.10485235        0.03426942 
        0.03277521        0.10257177        0.18260467        0.18555167        0.10700914        0.03501932 
        0.03357352        0.10484201        0.18579248        0.18861860        0.10907143        0.03573965 
        0.03434518        0.10701984        0.18879822        0.19149897        0.11103278        0.03642805 
        0.03508751        0.10909796        0.19161218        0.19418409        0.11288682        0.03708236 
        0.03579795        0.11106867        0.19422504        0.19666544        0.11462760        0.03770038 
        0.03647411        0.11292550        0.19662857        0.19893569        0.11624977        0.03828031 
        0.03711349        0.11466169        0.19881505        0.20098811        0.11774844        0.03882021 
        0.03771372        0.11627111        0.20077795        0.20281702        0.11911881        0.03931847 
        0.03827271        0.11774778        0.20251036        0.20441681        0.12035704        0.03977361 
        0.03878833        0.11908668        0.20400804        0.20578352        0.12145895        0.04018395 
        0.03925855        0.12028283        0.20526588        0.20691371        0.12242189        0.04054859 
        0.03968190        0.12133205        0.20628098        0.20780483        0.12324306        0.04086643 
        0.04005654        0.12223068        0.20705029        0.20845532        0.12392038        0.04113652 
        0.04038128        0.12297547        0.20757267        0.20886436        0.12445265        0.04135825 
        0.04065472        0.12356386        0.20784703        0.20903251        0.12483865        0.04153123 
        0.04087602        0.12399405        0.20787400        0.20896068        0.12507805        0.04165497 
        0.04104418        0.12426442        0.20765403        0.20865071        0.12517089        0.04172949 
        0.04115856        0.12437427        0.20719025        0.20810571        0.12511811        0.04175474 
        0.04121891        0.12432384        0.20648497        0.20732903        0.12492105        0.04173133 
        0.04122482        0.12411332        0.20554200        0.20632541        0.12458110        0.04165927 
        0.04117645        0.12374425        0.20436651        0.20509958        0.12410095        0.04153961 
        0.04107410        0.12321770        0.20296296        0.20365798        0.12348306        0.04137275 
        0.04091778        0.12253645        0.20133841        0.20200709        0.12273112        0.04115996 
        0.04070869        0.12170354        0.19949910        0.20015404        0.12184802        0.04090199 
        0.04044713        0.12072179        0.19745341        0.19810680        0.12083864        0.04060054 
        0.04013437        0.11959583        0.19520891        0.19587377        0.11970741        0.04025680 
        0.03977184        0.11833000        0.19277430        0.19346341        0.11845869        0.03987239 
        0.03936063        0.11692911        0.19015938        0.19088566        0.11709818        0.03944881 
        0.03890228        0.11539847        0.18737307        0.18814972        0.11563104        0.03898796 
        0.03839861        0.11374384        0.18442631        0.18526566        0.11406302        0.03849158 
        0.03785135        0.11197162        0.18132934        0.18224365        0.11240041        0.03796193 
        0.03726274        0.11008817        0.17809296        0.17909434        0.11064908        0.03740069 
        0.03663467        0.10810021        0.17472759        0.17582780        0.10881507        0.03680998 
        0.03596967        0.10601500        0.17124462        0.17245507        0.10690510        0.03619203 
        0.03526986        0.10383952        0.16765541        0.16898674        0.10492563        0.03554904 
        0.03453730        0.10158059        0.16397095        0.16543347        0.10288322        0.03488311 
        0.03377515        0.09924674        0.16020229        0.16180563        0.10078430        0.03419647 
        0.03298549        0.09684485        0.15636081        0.15811378        0.09863532        0.03349131 
        0.03217115        0.09438300        0.15245754        0.15436822        0.09644294        0.03276983 
        0.03133479        0.09186858        0.14850330        0.15057880        0.09421307        0.03203407 
        0.03047884        0.08930928        0.14450866        0.14675552        0.09195238        0.03128639 
        0.02960591        0.08671236        0.14048380        0.14290828        0.08966714        0.03052884 
        0.02871838        0.08408517        0.13643897        0.13904560        0.08736265        0.02976319 
        0.02781934        0.08143532        0.13238418        0.13517672        0.08504522        0.02899185 
        0.02691117        0.07876968        0.12832791        0.13130987        0.08272034        0.02821648 
        0.02599630        0.07609546        0.12427998        0.12745351        0.08039296        0.02743897 
        0.02507702        0.07341886        0.12024879        0.12361521        0.07806897        0.02666119 
        0.02415606        0.07074678        0.11624181        0.11980194        0.07575250        0.02588487 
        0.02323535        0.06808484        0.11226773        0.11602098        0.07344854        0.02511153 
        0.02231732        0.06543934        0.10833299        0.11227828        0.07116121        0.02434257 
        0.02140394        0.06281567        0.10444456        0.10857999        0.06889492        0.02357957 
        0.02049735        0.06021917        0.10060894        0.10493129        0.06665301        0.02282405 
        0.01959917        0.05765426        0.09683102        0.10133737        0.06443930        0.02207696 
        0.01871152        0.05512625        0.09311694        0.09780335        0.06225681        0.02133957 
        0.01783617        0.05263919        0.08947098        0.09433210        0.06010860        0.02061310 
        0.01697421        0.05019656        0.08589751        0.09092826        0.05799723        0.01989812 
        0.01612747        0.04780212        0.08240029        0.08759457        0.05592549        0.01919585 
        0.01529723        0.04545945        0.07898298        0.08433414        0.05389494        0.01850697 
        0.01448452        0.04317075        0.07564804        0.08114898        0.05190784        0.01783225 
        0.01369053        0.04093906        0.07239813        0.07804179        0.04996550        0.01717213 
        0.01291604        0.03876591        0.06923500        0.07501376        0.04806948        0.01652712 
        0.01216221        0.03665408        0.06616077        0.07206601        0.04622084        0.01589778 
        0.01142971        0.03460467        0.06317648        0.06919998        0.04442072        0.01528445 
        0.01071909        0.03261879        0.06028271        0.06641588        0.04266900        0.01468730 
        0.01003078        0.03069749        0.05748016        0.06371439        0.04096735        0.01410675 
        0.00936519        0.02884164        0.05476955        0.06109536        0.03931502        0.01354271 
        0.00872241        0.02705115        0.05214995        0.05855906        0.03771323        0.01299536 
        0.00810328        0.02532685        0.04962146        0.05610430        0.03616089        0.01246478 
        0.00750747        0.02366859        0.04718310        0.05373085        0.03465831        0.01195084 
        0.00693488        0.02207559        0.04483464        0.05143791        0.03320494        0.01145358 
        0.00638586        0.02054781        0.04257429        0.04922447        0.03180042        0.01097271 
        0.00586009        0.01908460        0.04040107        0.04708925        0.03044444        0.01050822 
        0.00535724        0.01768482        0.03831339        0.04503092        0.02913600        0.01005982 
        0.00487696        0.01634759        0.03630972        0.04304808        0.02787441        0.00962736 
        0.00441925        0.01507211        0.03438824        0.04113927        0.02665883        0.00921035 
        0.00398365        0.01385680        0.03254709        0.03930238        0.02548838        0.00880882 
        0.00356969        0.01270023        0.03078407        0.03753623        0.02436194        0.00842211 
        0.00317690        0.01160145        0.02909759        0.03583860        0.02327868        0.00805005 
        0.00280470        0.01055840        0.02748504        0.03420773        0.02223694        0.00769231 
        0.00245255        0.00956956        0.02594408        0.03264186        0.02123636        0.00734851 
        0.00212014        0.00863364        0.02447334        0.03113890        0.02027553        0.00701833 
        0.00180644        0.00774828        0.02306932        0.02969691        0.01935294        0.00670113 
        0.00151105        0.00691229        0.02173093        0.02831391        0.01846772        0.00639676 
        0.00123352        0.00612378        0.02045494        0.02698797        0.01761857        0.00610468 
        0.00097300        0.00538090        0.01923954        0.02571723        0.01680440        0.00582461 
        0.00072894        0.00468197        0.01808235        0.02449954        0.01602420        0.00555614 
        0.00050066        0.00402504        0.01698095        0.02333337        0.01527625        0.00529872 
        0.00028741        0.00340834        0.01593333        0.02221620        0.01455978        0.00505206 
        0.00008869        0.00283036        0.01493710        0.02114666        0.01387352        0.00481579 
       -0.00009623        0.00228903        0.01399022        0.02012265        0.01321626        0.00458942 
       -0.00026798        0.00178289        0.01309073        0.01914257        0.01258698        0.00437275 
       -0.00042701        0.00131035        0.01223621        0.01820472        0.01198453        0.00416517 
       -0.00057414        0.00086951        0.01142463        0.01730695        0.01140776        0.00396661 
       -0.00071013        0.00045890        0.01065451        0.01644796        0.01085588        0.00377648 
       -0.00083525        0.00007671        0.00992370        0.01562634        0.01032773        0.00359447 
       -0.00095013       -0.00027791        0.00923058        0.01483995        0.00982234        0.00342032 
       -0.00105555       -0.00060728        0.00857279        0.01408798        0.00933874        0.00325362 
       -0.00115162       -0.00091195        0.00794894        0.01336825        0.00887588        0.00309415 
       -0.00123940       -0.00119385        0.00735754        0.01267985        0.00843301        0.00294147 
       -0.00131895       -0.00145417        0.00679684        0.01202127        0.00800931        0.00279543 
       -0.00139083       -0.00169381        0.00626540        0.01139125        0.00760376        0.00265563 
       -0.00145589       -0.00191471        0.00576162        0.01078814        0.00721562        0.00252178 
       -0.00151420       -0.00211743        0.00528428        0.01021159        0.00684446        0.00239387 
       -0.00156638       -0.00230339        0.00483200        0.00965980        0.00648910        0.00227131 
       -0.00161254       -0.00247329        0.00440341        0.00913191        0.00614908        0.00215402 
       -0.00165336       -0.00262845        0.00399739        0.00862649        0.00582337        0.00204167 
       -0.00168911       -0.00276965        0.00361267        0.00814286        0.00551191        0.00193428 
       -0.00172012       -0.00289774        0.00324824        0.00768009        0.00521368        0.00183141 
       -0.00174668       -0.00301367        0.00290278        0.00723702        0.00492817        0.00173295 
       -0.00176932       -0.00311825        0.00257587        0.00681293        0.00465474        0.00163865 
       -0.00178809       -0.00321233        0.00226605        0.00640699        0.00439292        0.00154829 
       -0.00180344       -0.00329638        0.00197250        0.00601831        0.00414222        0.00146183 
       -0.00181562       -0.00337148        0.00169450        0.00564611        0.00390220        0.00137904 
       -0.00182468       -0.00343788        0.00143102        0.00528958        0.00367200        0.00129963 
       -0.00183119       -0.00349647        0.00118151        0.00494826        0.00345176        0.00122362 
       -0.00183509       -0.00354770        0.00094494        0.00462127        0.00324070        0.00115085 
       -0.00183672       -0.00359204        0.00072113        0.00430807        0.00303847        0.00108108 
       -0.00183617       -0.00362998        0.00050890        0.00400800        0.00284466        0.00101414 
       -0.00183377       -0.00366220        0.00030795        0.00372058        0.00265881        0.00095004 
       -0.00182958       -0.00368899        0.00011754        0.00344509        0.00248083        0.00088862 
       -0.00182380       -0.00371069       -0.00006276        0.00318122        0.00231007        0.00082962 
       -0.00181650       -0.00372778       -0.00023344        0.00292838        0.00214654        0.00077319 
       -0.00180800       -0.00374071       -0.00039540        0.00268599        0.00198972        0.00071907 
       -0.00179817       -0.00374956       -0.00054863        0.00245366        0.00183943        0.00066717 
       -0.00178735       -0.00375494       -0.00069374        0.00223114        0.00169528        0.00061734 
       -0.00177558       -0.00375688       -0.00083113        0.00201786        0.00155702        0.00056961 
       -0.00176291       -0.00375585       -0.00096127        0.00181332        0.00142443        0.00052379 
       -0.00174951       -0.00375208       -0.00108452        0.00161731        0.00129732        0.00047993 
       -0.00173539       -0.00374570       -0.00120121        0.00142935        0.00117531        0.00043775 
       -0.00172076       -0.00373694       -0.00131156        0.00124928        0.00105843        0.00039740 
       -0.00170548       -0.00372605       -0.00141610        0.00107673        0.00094640        0.00035865 
       -0.00168981       -0.00371327       -0.00151500        0.00091127        0.00083880        0.00032146 
       -0.00167382       -0.00369886       -0.00160849        0.00075273        0.00073567        0.00028583 
       -0.00165737       -0.00368255       -0.00169681        0.00060079        0.00063682        0.00025161 
       -0.00164068       -0.00366490       -0.00178041        0.00045522        0.00054200        0.00021882 
       -0.00162382       -0.00364597       -0.00185931        0.00031568        0.00045098        0.00018736 
       -0.00160671       -0.00362584       -0.00193396        0.00018199        0.00036374        0.00015716 
       -0.00158950       -0.00360459       -0.00200431        0.00005384        0.00028013        0.00012823 
       -0.00157208       -0.00358240       -0.00207081       -0.00006877        0.00020012        0.00010056 
       -0.00155463       -0.00355925       -0.00213335       -0.00018635        0.00012316        0.00007388 
       -0.00153716       -0.00353548       -0.00219248       -0.00029884        0.00004959        0.00004838 
       -0.00151969       -0.00351097       -0.00224802       -0.00040659       -0.00002107        0.00002394 
       -0.00150219       -0.00348589       -0.00230035       -0.00050966       -0.00008866        0.00000049 
       -0.00148476       -0.00346029       -0.00234963       -0.00060834       -0.00015347       -0.00002197 
       -0.00146734       -0.00343415       -0.00239584       -0.00070283       -0.00021559       -0.00004356 
       -0.00144995       -0.00340755       -0.00243910       -0.00079314       -0.00027505       -0.00006418 
       -0.00143278       -0.00338081       -0.00247973       -0.00087956       -0.00033197       -0.00008396 
       -0.00141552       -0.00335351       -0.00251780       -0.00096206       -0.00038646       -0.00010283 
       -0.00139851       -0.00332609       -0.00255328       -0.00104100       -0.00043863       -0.00012096 
       -0.00138158       -0.00329843       -0.00258648       -0.00111647       -0.00048845       -0.00013828 
       -0.00136476       -0.00327061       -0.00261731       -0.00118835       -0.00053617       -0.00015488 
       -0.00134818       -0.00324275       -0.00264600       -0.00125715       -0.00058182       -0.00017075 
       -0.00133169       -0.00321472       -0.00267263       -0.00132260       -0.00062546       -0.00018594 
       -0.00131533       -0.00318661       -0.00269732       -0.00138520       -0.00066715       -0.00020049 
       -0.00129909       -0.00315842       -0.00271995       -0.00144473       -0.00070690       -0.00021434 
       -0.00128315       -0.00313035       -0.00274087       -0.00150156       -0.00074489       -0.00022759 
       -0.00126728       -0.00310215       -0.00276010       -0.00155552       -0.00078107       -0.00024021 
       -0.00125162       -0.00307402       -0.00277755       -0.00160688       -0.00081564       -0.00025231 
       -0.00123615       -0.00304598       -0.00279340       -0.00165589       -0.00084865       -0.00026383 
       -0.00122081       -0.00301795       -0.00280772       -0.00170228       -0.00088000       -0.00027481 
       -0.00120573       -0.00299004       -0.00282051       -0.00174633       -0.00090981       -0.00028524 
       -0.00119082       -0.00296221       -0.00283198       -0.00178812       -0.00093824       -0.00029521 
       -0.00117600       -0.00293437       -0.00284199       -0.00182764       -0.00096521       -0.00030465 
       -0.00116147       -0.00290677       -0.00285079       -0.00186518       -0.00099084       -0.00031368 
       -0.00114710       -0.00287929       -0.00285828       -0.00190052       -0.00101516       -0.00032225 
       -0.00113287       -0.00285193       -0.00286464       -0.00193401       -0.00103818       -0.00033036 
       -0.00111888       -0.00282471       -0.00286982       -0.00196550       -0.00105996       -0.00033804 
       -0.00110499       -0.00279758       -0.00287387       -0.00199522       -0.00108069       -0.00034533 
       -0.00109136       -0.00277065       -0.00287679       -0.00202308       -0.00110017       -0.00035223 
       -0.00107791       -0.00274391       -0.00287876       -0.00204928       -0.00111857       -0.00035873 
       -0.00106462       -0.00271732       -0.00287976       -0.00207388       -0.00113592       -0.00036489 
       -0.00105149       -0.00269088       -0.00287979       -0.00209676       -0.00115222       -0.00037071 
       -0.00103856       -0.00266463       -0.00287893       -0.00211819       -0.00116757       -0.00037617 
       -0.00102580       -0.00263856       -0.00287724       -0.00213809       -0.00118194       -0.00038133 
       -0.00101319       -0.00261266       -0.00287461       -0.00215659       -0.00119539       -0.00038612 
       -0.00100080       -0.00258699       -0.00287133       -0.00217364       -0.00120795       -0.00039063 
       -0.00098851       -0.00256144       -0.00286718       -0.00218935       -0.00121959       -0.00039481 
       -0.00097643       -0.00253612       -0.00286233       -0.00220374       -0.00123046       -0.00039878 
       -0.00096447       -0.00251092       -0.00285677       -0.00221694       -0.00124051       -0.00040241 
       -0.00095274       -0.00248600       -0.00285059       -0.00222895       -0.00124979       -0.00040580 
       -0.00094110       -0.00246118       -0.00284370       -0.00223979       -0.00125836       -0.00040895 
       -0.00092962       -0.00243660       -0.00283620       -0.00224949       -0.00126614       -0.00041180 
       -0.00091833       -0.00241219       -0.00282811       -0.00225806       -0.00127317       -0.00041444 
       -0.00090717       -0.00238796       -0.00281942       -0.00226563       -0.00127964       -0.00041683 
       -0.00089618       -0.00236399       -0.00281023       -0.00227219       -0.00128543       -0.00041904 
       -0.00088530       -0.00234012       -0.00280052       -0.00227778       -0.00129062       -0.00042100 
       -0.00087458       -0.00231647       -0.00279023       -0.00228248       -0.00129517       -0.00042276 
       -0.00086400       -0.00229303       -0.00277950       -0.00228616       -0.00129914       -0.00042432 
       -0.00085358       -0.00226975       -0.00276829       -0.00228905       -0.00130256       -0.00042570 
       -0.00084326       -0.00224665       -0.00275668       -0.00229108       -0.00130539       -0.00042687 
       -0.00083309       -0.00222377       -0.00274465       -0.00229234       -0.00130770       -0.00042785 
       -0.00082306       -0.00220104       -0.00273214       -0.00229279       -0.00130958       -0.00042870 
       -0.00081310       -0.00217846       -0.00271930       -0.00229246       -0.00131091       -0.00042934 
       -0.00080333       -0.00215611       -0.00270611       -0.00229145       -0.00131177       -0.00042982 
       -0.00079368       -0.00213397       -0.00269254       -0.00228972       -0.00131217       -0.00043014 
       -0.00078417       -0.00211199       -0.00267861       -0.00228733       -0.00131215       -0.00043033 
       -0.00077472       -0.00209016       -0.00266439       -0.00228424       -0.00131169       -0.00043036 
       -0.00076544       -0.00206852       -0.00264988       -0.00228062       -0.00131087       -0.00043028 
       -0.00075625       -0.00204706       -0.00263508       -0.00227630       -0.00130960       -0.00043002 
       -0.00074717       -0.00202576       -0.00262000       -0.00227150       -0.00130799       -0.00042966 
       -0.00073823       -0.00200470       -0.00260466       -0.00226606       -0.00130601       -0.00042915 
       -0.00072938       -0.00198373       -0.00258905       -0.00226018       -0.00130372       -0.00042855 
       -0.00072065       -0.00196299       -0.00257321       -0.00225373       -0.00130104       -0.00042781 
       -0.00071204       -0.00194242       -0.00255717       -0.00224680       -0.00129808       -0.00042699 
       -0.00070352       -0.00192200       -0.00254091       -0.00223947       -0.00129481       -0.00042605 
       -0.00069508       -0.00190175       -0.00252440       -0.00223159       -0.00129121       -0.00042500 
       -0.00068677       -0.00188166       -0.00250775       -0.00222333       -0.00128733       -0.00042384 
       -0.00067858       -0.00186177       -0.00249096       -0.00221469       -0.00128323       -0.00042261 
       -0.00067045       -0.00184202       -0.00247398       -0.00220559       -0.00127885       -0.00042128 
       -0.00066246       -0.00182247       -0.00245683       -0.00219614       -0.00127418       -0.00041986 
       -0.00065450       -0.00180301       -0.00243953       -0.00218632       -0.00126931       -0.00041837 
       -0.00064667       -0.00178372       -0.00242208       -0.00217617       -0.00126418       -0.00041679 
       -0.00063895       -0.00176467       -0.00240458       -0.00216568       -0.00125884       -0.00041513 
       -0.00063131       -0.00174574       -0.00238688       -0.00215488       -0.00125330       -0.00041340 
       -0.00062375       -0.00172699       -0.00236913       -0.00214377       -0.00124752       -0.00041158 
       -0.00061629       -0.00170838       -0.00235128       -0.00213239       -0.00124159       -0.00040972 
       -0.00060888       -0.00168990       -0.00233332       -0.00212069       -0.00123542       -0.00040777 
       -0.00060160       -0.00167160       -0.00231526       -0.00210879       -0.00122914       -0.00040578 
       -0.00059438       -0.00165349       -0.00229717       -0.00209659       -0.00122267       -0.00040374 
       -0.00058727       -0.00163550       -0.00227898       -0.00208417       -0.00121602       -0.00040162 
       -0.00058021       -0.00161764       -0.00226074       -0.00207155       -0.00120924       -0.00039946 
       -0.00057326       -0.00159997       -0.00224244       -0.00205871       -0.00120229       -0.00039723 
       -0.00056636       -0.00158241       -0.00222411       -0.00204565       -0.00119524       -0.00039499 
       -0.00055958       -0.00156508       -0.00220575       -0.00203245       -0.00118806       -0.00039268 
       -0.00055283       -0.00154781       -0.00218732       -0.00201904       -0.00118073       -0.00039033 
       -0.00054618       -0.00153078       -0.00216892       -0.00200546       -0.00117332       -0.00038795 
       -0.00053961       -0.00151383       -0.00215044       -0.00199173       -0.00116575       -0.00038551 
       -0.00053309       -0.00149703       -0.00213198       -0.00197787       -0.00115810       -0.00038303 
       -0.00052668       -0.00148040       -0.00211351       -0.00196385       -0.00115037       -0.00038054 
       -0.00052032       -0.00146393       -0.00209504       -0.00194971       -0.00114256       -0.00037802 
       -0.00051403       -0.00144757       -0.00207656       -0.00193543       -0.00113461       -0.00037545 
       -0.00050782       -0.00143137       -0.00205810       -0.00192107       -0.00112661       -0.00037286 
       -0.00050168       -0.00141532       -0.00203966       -0.00190662       -0.00111852       -0.00037024 
       -0.00049561       -0.00139940       -0.00202123       -0.00189203       -0.00111037       -0.00036759 
       -0.00048959       -0.00138362       -0.00200281       -0.00187739       -0.00110216       -0.00036492 
       -0.00048365       -0.00136798       -0.00198443       -0.00186267       -0.00109390       -0.00036223 
       -0.00047776       -0.00135250       -0.00196611       -0.00184785       -0.00108556       -0.00035952 
       -0.00047196       -0.00133714       -0.00194781       -0.00183300       -0.00107719       -0.00035680 
       -0.00046621       -0.00132194       -0.00192952       -0.00181807       -0.00106876       -0.00035405 
       -0.00046051       -0.00130684       -0.00191127       -0.00180309       -0.00106028       -0.00035128 
       -0.00045490       -0.00129191       -0.00189311       -0.00178806       -0.00105178       -0.00034851 
       -0.00044935       -0.00127710       -0.00187497       -0.00177300       -0.00104325       -0.00034572 
       -0.00044386       -0.00126244       -0.00185691       -0.00175790       -0.00103466       -0.00034292 
       -0.00043842       -0.00124790       -0.00183887       -0.00174278       -0.00102607       -0.00034011 
       -0.00043305       -0.00123349       -0.00182092       -0.00172766       -0.00101744       -0.00033729 
       -0.00042773       -0.00121921       -0.00180302       -0.00171250       -0.00100879       -0.00033445 
       -0.00042248       -0.00120509       -0.00178520       -0.00169733       -0.00100014       -0.00033163 
       -0.00041728       -0.00119108       -0.00176745       -0.00168217       -0.00099148       -0.00032878 
       -0.00041215       -0.00117722       -0.00174977       -0.00166699       -0.00098279       -0.00032595 
       -0.00040706       -0.00116348       -0.00173216       -0.00165182       -0.00097409       -0.00032308 
       -0.00040203       -0.00114984       -0.00171462       -0.00163666       -0.00096541       -0.00032024 
       -0.00039707       -0.00113637       -0.00169717       -0.00162152       -0.00095672       -0.00031738 
       -0.00039215       -0.00112301       -0.00167981       -0.00160639       -0.00094802       -0.00031453 
       -0.00038729       -0.00110977       -0.00166253       -0.00159130       -0.00093934       -0.00031168 
       -0.00038248       -0.00109668       -0.00164533       -0.00157621       -0.00093065       -0.00030883 
       -0.00037772       -0.00108368       -0.00162821       -0.00156116       -0.00092198       -0.00030597 
       -0.00037302       -0.00107083       -0.00161122       -0.00154615       -0.00091333       -0.00030313 
       -0.00036837       -0.00105810       -0.00159430       -0.00153117       -0.00090468       -0.00030028 
       -0.00036378       -0.00104549       -0.00157746       -0.00151623       -0.00089605       -0.00029744 
       -0.00035924       -0.00103301       -0.00156073       -0.00150133       -0.00088743       -0.00029460 
       -0.00035474       -0.00102064       -0.00154410       -0.00148649       -0.00087884       -0.00029178 
       -0.00035029       -0.00100840       -0.00152757       -0.00147169       -0.00087027       -0.00028896 
       -0.00034590       -0.00099629       -0.00151114       -0.00145693       -0.00086174       -0.00028615 
       -0.00034155       -0.00098427       -0.00149482       -0.00144225       -0.00085323       -0.00028335 
       -0.00033725       -0.00097239       -0.00147860       -0.00142762       -0.00084474       -0.00028055 
       -0.00033301       -0.00096061       -0.00146246       -0.00141304       -0.00083628       -0.00027776 
       -0.00032880       -0.00094897       -0.00144646       -0.00139852       -0.00082785       -0.00027498 
       -0.00032465       -0.00093744       -0.00143057       -0.00138407       -0.00081945       -0.00027221 
       -0.00032053       -0.00092602       -0.00141477       -0.00136970       -0.00081108       -0.00026945 
       -0.00031647       -0.00091471       -0.00139908       -0.00135540       -0.00080278       -0.00026671 
       -0.00031246       -0.00090353       -0.00138350       -0.00134116       -0.00079447       -0.00026397 
       -0.00030848       -0.00089246       -0.00136806       -0.00132699       -0.00078623       -0.00026125 
       -0.00030456       -0.00088150       -0.00135270       -0.00131291       -0.00077802       -0.00025854 
       -0.00030068       -0.00087066       -0.00133748       -0.00129889       -0.00076983       -0.00025583 
       -0.00029684       -0.00085991       -0.00132235       -0.00128495       -0.00076171       -0.00025315 
       -0.00029304       -0.00084929       -0.00130733       -0.00127110       -0.00075363       -0.00025048 
       -0.00028930       -0.00083877       -0.00129244       -0.00125733       -0.00074559       -0.00024782 
       -0.00028559       -0.00082837       -0.00127767       -0.00124365       -0.00073759       -0.00024518 
       -0.00028192       -0.00081806       -0.00126300       -0.00123004       -0.00072964       -0.00024255 
       -0.00027830       -0.00080788       -0.00124846       -0.00121653       -0.00072174       -0.00023994 
       -0.00027471       -0.00079779       -0.00123404       -0.00120311       -0.00071389       -0.00023734 
       -0.00027117       -0.00078780       -0.00121972       -0.00118976       -0.00070609       -0.00023476 
       -0.00026767       -0.00077794       -0.00120553       -0.00117651       -0.00069832       -0.00023219 
       -0.00026421       -0.00076817       -0.00119145       -0.00116335       -0.00069061       -0.00022964 
       -0.00026079       -0.00075851       -0.00117750       -0.00115029       -0.00068296       -0.00022711 
       -0.00025740       -0.00074894       -0.00116366       -0.00113731       -0.00067535       -0.00022459 
       -0.00025406       -0.00073949       -0.00114994       -0.00112443       -0.00066780       -0.00022209 
       -0.00025076       -0.00073012       -0.00113633       -0.00111165       -0.00066030       -0.00021961 
       -0.00024749       -0.00072087       -0.00112285       -0.00109895       -0.00065286       -0.00021715 
       -0.00024426       -0.00071171       -0.00110948       -0.00108634       -0.00064546       -0.00021470 
       -0.00024106       -0.00070265       -0.00109624       -0.00107386       -0.00063812       -0.00021227 
       -0.00023791       -0.00069370       -0.00108311       -0.00106145       -0.00063084       -0.00020985 
       -0.00023480       -0.00068484       -0.00107010       -0.00104914       -0.00062360       -0.00020746 
       -0.00023172       -0.00067607       -0.00105720       -0.00103693       -0.00061642       -0.00020508 
       -0.00022868       -0.00066741       -0.00104443       -0.00102482       -0.00060931       -0.00020272 
       -0.00022567       -0.00065884       -0.00103178       -0.00101281       -0.00060224       -0.00020038 
       -0.00022269       -0.00065035       -0.00101923       -0.00100090       -0.00059523       -0.00019806 
       -0.00021976       -0.00064197       -0.00100681       -0.00098908       -0.00058827       -0.00019575 
       -0.00021685       -0.00063368       -0.00099451       -0.00097737       -0.00058138       -0.00019346 
       -0.00021398       -0.00062548       -0.00098232       -0.00096575       -0.00057454       -0.00019120 
       -0.00021115       -0.00061737       -0.00097025       -0.00095425       -0.00056776       -0.00018895 
       -0.00020835       -0.00060936       -0.00095830       -0.00094283       -0.00056103       -0.00018672 
       -0.00020558       -0.00060144       -0.00094646       -0.00093151       -0.00055437       -0.00018451 
       -0.00020285       -0.00059361       -0.00093473       -0.00092030       -0.00054775       -0.00018231 
       -0.00020014       -0.00058585       -0.00092313       -0.00090919       -0.00054120       -0.00018014 
       -0.00019747       -0.00057820       -0.00091164       -0.00089817       -0.00053470       -0.00017799 
       -0.00019483       -0.00057063       -0.00090026       -0.00088726       -0.00052827       -0.00017585 
       -0.00019223       -0.00056314       -0.00088899       -0.00087645       -0.00052189       -0.00017374 
       -0.00018965       -0.00055574       -0.00087785       -0.00086574       -0.00051556       -0.00017163 
       -0.00018711       -0.00054843       -0.00086680       -0.00085512       -0.00050930       -0.00016956 
       -0.00018459       -0.00054120       -0.00085588       -0.00084461       -0.00050309       -0.00016749 
       -0.00018211       -0.00053405       -0.00084507       -0.00083420       -0.00049694       -0.00016545 
       -0.00017966       -0.00052699       -0.00083437       -0.00082389       -0.00049084       -0.00016343 
       -0.00017724       -0.00052001       -0.00082378       -0.00081367       -0.00048481       -0.00016143 
       -0.00017484       -0.00051312       -0.00081329       -0.00080356       -0.00047884       -0.00015944 
       -0.00017248       -0.00050630       -0.00080293       -0.00079354       -0.00047291       -0.00015747 
       -0.00017014       -0.00049956       -0.00079267       -0.00078363       -0.00046705       -0.00015553 
       -0.00016784       -0.00049290       -0.00078251       -0.00077381       -0.00046124       -0.00015360 
       -0.00016556       -0.00048632       -0.00077246       -0.00076408       -0.00045549       -0.00015169 
       -0.00016331       -0.00047982       -0.00076253       -0.00075446       -0.00044980       -0.00014980 
       -0.00016109       -0.00047339       -0.00075270       -0.00074494       -0.00044416       -0.00014793 
       -0.00015889       -0.00046704       -0.00074297       -0.00073551       -0.00043857       -0.00014607 
       -0.00015672       -0.00046077       -0.00073335       -0.00072617       -0.00043305       -0.00014424 
       -0.00015458       -0.00045457       -0.00072384       -0.00071694       -0.00042758       -0.00014242 
       -0.00015247       -0.00044845       -0.00071443       -0.00070779       -0.00042217       -0.00014062 
       -0.00015038       -0.00044239       -0.00070512       -0.00069875       -0.00041681       -0.00013884 
       -0.00014832       -0.00043641       -0.00069592       -0.00068980       -0.00041150       -0.00013708 
       -0.00014628       -0.00043051       -0.00068682       -0.00068094       -0.00040625       -0.00013534 
       -0.00014427       -0.00042467       -0.00067781       -0.00067217       -0.00040106       -0.00013361 
       -0.00014228       -0.00041891       -0.00066891       -0.00066351       -0.00039592       -0.00013190 
       -0.00014032       -0.00041321       -0.00066011       -0.00065492       -0.00039083       -0.00013021 
       -0.00013839       -0.00040760       -0.00065141       -0.00064644       -0.00038580       -0.00012854 
       -0.00013648       -0.00040204       -0.00064281       -0.00063804       -0.00038082       -0.00012688 
       -0.00013459       -0.00039655       -0.00063430       -0.00062974       -0.00037590       -0.00012525 
       -0.00013272       -0.00039113       -0.00062589       -0.00062153       -0.00037103       -0.00012363 
       -0.00013088       -0.00038578       -0.00061758       -0.00061341       -0.00036621       -0.00012203 
       -0.00012907       -0.00038049       -0.00060936       -0.00060537       -0.00036144       -0.00012044 
       -0.00012727       -0.00037527       -0.00060124       -0.00059743       -0.00035673       -0.00011887 
       -0.00012550       -0.00037011       -0.00059321       -0.00058958       -0.00035206       -0.00011732 
       -0.00012376       -0.00036502       -0.00058528       -0.00058181       -0.00034745       -0.00011579 
       -0.00012203       -0.00035999       -0.00057744       -0.00057413       -0.00034289       -0.00011427 
       -0.00012033       -0.00035502       -0.00056968       -0.00056654       -0.00033838       -0.00011277 
       -0.00011864       -0.00035012       -0.00056202       -0.00055903       -0.00033392       -0.00011129 
       -0.00011698       -0.00034527       -0.00055445       -0.00055160       -0.00032951       -0.00010982 
       -0.00011534       -0.00034049       -0.00054697       -0.00054426       -0.00032515       -0.00010837 
       -0.00011373       -0.00033577       -0.00053958       -0.00053701       -0.00032084       -0.00010694 
       -0.00011213       -0.00033110       -0.00053228       -0.00052984       -0.00031657       -0.00010552 
       -0.00011055       -0.00032650       -0.00052506       -0.00052275       -0.00031237       -0.00010412 
       -0.00010900       -0.00032195       -0.00051793       -0.00051575       -0.00030820       -0.00010273 
       -0.00010746       -0.00031747       -0.00051089       -0.00050882       -0.00030408       -0.00010136 
       -0.00010595       -0.00031304       -0.00050393       -0.00050198       -0.00030002       -0.00010001 
       -0.00010445       -0.00030866       -0.00049705       -0.00049521       -0.00029599       -0.00009867 
       -0.00010297       -0.00030434       -0.00049026       -0.00048853       -0.00029201       -0.00009735 
       -0.00010152       -0.00030008       -0.00048355       -0.00048192       -0.00028809       -0.00009604 
       -0.00010008       -0.00029587       -0.00047692       -0.00047539       -0.00028420       -0.00009475 
       -0.00009866       -0.00029172       -0.00047037       -0.00046895       -0.00028036       -0.00009347 
       -0.00009726       -0.00028761       -0.00046390       -0.00046257       -0.00027657       -0.00009221 
       -0.00009588       -0.00028356       -0.00045751       -0.00045628       -0.00027283       -0.00009096 
       -0.00009451       -0.00027957       -0.00045120       -0.00045006       -0.00026912       -0.00008973 
       -0.00009317       -0.00027562       -0.00044497       -0.00044391       -0.00026546       -0.00008851 
       -0.00009184       -0.00027173       -0.00043882       -0.00043784       -0.00026185       -0.00008730 
       -0.00009053       -0.00026789       -0.00043274       -0.00043184       -0.00025828       -0.00008612 
       -0.00008924       -0.00026410       -0.00042674       -0.00042591       -0.00025475       -0.00008494 
       -0.00008796       -0.00026035       -0.00042081       -0.00042006       -0.00025126       -0.00008378 
       -0.00008670       -0.00025665       -0.00041496       -0.00041428       -0.00024782       -0.00008263 
       -0.00008546       -0.00025301       -0.00040918       -0.00040857       -0.00024442       -0.00008150 
       -0.00008423       -0.00024941       -0.00040347       -0.00040293       -0.00024106       -0.00008038 
       -0.00008302       -0.00024586       -0.00039784       -0.00039736       -0.00023774       -0.00007928 
       -0.00008183       -0.00024236       -0.00039227       -0.00039185       -0.00023446       -0.00007819 
       -0.00008065       -0.00023890       -0.00038678       -0.00038642       -0.00023122       -0.00007711 
       -0.00007949       -0.00023549       -0.00038136       -0.00038105       -0.00022802       -0.00007604 
       -0.00007834       -0.00023212       -0.00037600       -0.00037575       -0.00022486       -0.00007499 
       -0.00007721       -0.00022879       -0.00037071       -0.00037052       -0.00022175       -0.00007395 
       -0.00007610       -0.00022552       -0.00036550       -0.00036535       -0.00021866       -0.00007293 
       -0.00007500       -0.00022228       -0.00036034       -0.00036025       -0.00021562       -0.00007191 
       -0.00007391       -0.00021909       -0.00035526       -0.00035521       -0.00021262       -0.00007091 
       -0.00007284       -0.00021594       -0.00035024       -0.00035023       -0.00020965       -0.00006992 
       -0.00007179       -0.00021283       -0.00034528       -0.00034532       -0.00020672       -0.00006895 
       -0.00007075       -0.00020977       -0.00034039       -0.00034048       -0.00020383       -0.00006799 
       -0.00006972       -0.00020674       -0.00033556       -0.00033568       -0.00020097       -0.00006703 
       -0.00006870       -0.00020376       -0.00033080       -0.00033096       -0.00019815       -0.00006609 
       -0.00006770       -0.00020081       -0.00032610       -0.00032629       -0.00019537       -0.00006517 
       -0.00006672       -0.00019791       -0.00032145       -0.00032169       -0.00019262       -0.00006425 
       -0.00006575       -0.00019504       -0.00031687       -0.00031714       -0.00018991       -0.00006335 
       -0.00006479       -0.00019222       -0.00031235       -0.00031265       -0.00018723       -0.00006246 
       -0.00006384       -0.00018943       -0.00030789       -0.00030822       -0.00018459       -0.00006157 
       -0.00006291       -0.00018668       -0.00030349       -0.00030384       -0.00018197       -0.00006070 
       -0.00006199       -0.00018397       -0.00029914       -0.00029953       -0.00017940       -0.00005985 
       -0.00006108       -0.00018129       -0.00029485       -0.00029527       -0.00017685       -0.00005900 
       -0.00006019       -0.00017865       -0.00029062       -0.00029106       -0.00017434       -0.00005816 
       -0.00005930       -0.00017605       -0.00028645       -0.00028691       -0.00017187       -0.00005734 
       -0.00005843       -0.00017348       -0.00028233       -0.00028282       -0.00016942       -0.00005652 
       -0.00005757       -0.00017094       -0.00027826       -0.00027877       -0.00016701       -0.00005572 
       -0.00005673       -0.00016845       -0.00027425       -0.00027478       -0.00016462       -0.00005492 
